0.49803922 0.78823531 0.49803922
0.50482122 0.78532873 0.50718954
0.51160323 0.78242216 0.51633987
0.51838524 0.77951558 0.52549020
0.52516725 0.77660901 0.53464052
0.53194925 0.77370244 0.54379085
0.53873126 0.77079586 0.55294118
0.54551327 0.76788929 0.56209151
0.55229527 0.76498271 0.57124183
0.55907728 0.76207614 0.58039216
0.56585929 0.75916956 0.58954249
0.57264130 0.75626299 0.59869281
0.57942330 0.75335642 0.60784314
0.58620531 0.75044984 0.61699347
0.59298732 0.74754327 0.62614379
0.59976933 0.74463669 0.63529412
0.60655133 0.74173012 0.64444445
0.61333334 0.73882354 0.65359478
0.62011535 0.73591697 0.66274510
0.62689736 0.73301040 0.67189543
0.63367936 0.73010382 0.68104576
0.64046137 0.72719725 0.69019608
0.64724338 0.72429067 0.69934641
0.65402538 0.72138410 0.70849674
0.66080739 0.71847753 0.71764707
0.66758940 0.71557095 0.72679739
0.67437141 0.71266438 0.73594772
0.68115341 0.70975780 0.74509805
0.68793542 0.70685123 0.75424837
0.69471743 0.70394465 0.76339870
0.70149944 0.70103808 0.77254903
0.70828144 0.69813151 0.78169935
0.71506345 0.69522493 0.79084968
0.72184546 0.69231836 0.80000001
0.72862747 0.68941178 0.80915034
0.73540947 0.68650521 0.81830066
0.74219148 0.68359863 0.82745099
0.74897349 0.68346023 0.82657440
0.75575549 0.68539794 0.81817763
0.76253750 0.68733566 0.80978086
0.76931951 0.68927337 0.80138409
0.77610151 0.69121109 0.79298732
0.78288352 0.69314881 0.78459055
0.78966553 0.69508652 0.77619378
0.79644753 0.69702424 0.76779701
0.80322954 0.69896196 0.75940025
0.81001155 0.70089967 0.75100348
0.81679355 0.70283739 0.74260671
0.82357556 0.70477510 0.73420994
0.83035756 0.70671282 0.72581317
0.83713957 0.70865054 0.71741640
0.84392158 0.71058825 0.70901963
0.85070358 0.71252597 0.70062286
0.85748559 0.71446368 0.69222609
0.86426760 0.71640140 0.68382932
0.87104960 0.71833912 0.67543255
0.87783161 0.72027683 0.66703578
0.88461362 0.72221455 0.65863901
0.89139562 0.72415227 0.65024224
0.89817763 0.72608998 0.64184547
0.90495964 0.72802770 0.63344870
0.91174164 0.72996541 0.62505193
0.91852365 0.73190313 0.61665516
0.92530566 0.73384085 0.60825839
0.93208766 0.73577856 0.59986162
0.93886967 0.73771628 0.59146485
0.94565168 0.73965399 0.58306808
0.95243368 0.74159171 0.57467131
0.95921569 0.74352943 0.56627454
0.96599770 0.74546714 0.55787777
0.97277970 0.74740486 0.54948100
0.97956171 0.74934258 0.54108423
0.98634371 0.75128029 0.53268746
0.99218762 0.75391005 0.52578242
0.99240292 0.76069206 0.52782779
0.99261822 0.76747406 0.52987315
0.99283353 0.77425607 0.53191852
0.99304883 0.78103808 0.53396389
0.99326413 0.78782008 0.53600925
0.99347943 0.79460209 0.53805462
0.99369473 0.80138409 0.54009999
0.99391003 0.80816610 0.54214536
0.99412534 0.81494811 0.54419072
0.99434064 0.82173011 0.54623609
0.99455594 0.82851212 0.54828146
0.99477124 0.83529413 0.55032682
0.99498654 0.84207613 0.55237219
0.99520185 0.84885814 0.55441756
0.99541715 0.85564015 0.55646293
0.99563245 0.86242215 0.55850829
0.99584775 0.86920416 0.56055366
0.99606305 0.87598617 0.56259903
0.99627835 0.88276817 0.56464439
0.99649366 0.88955018 0.56668976
0.99670896 0.89633219 0.56873513
0.99692426 0.90311419 0.57078049
0.99713956 0.90989620 0.57282586
0.99735486 0.91667821 0.57487123
0.99757017 0.92346021 0.57691660
0.99778547 0.93024222 0.57896196
0.99800077 0.93702423 0.58100733
0.99821607 0.94380623 0.58305270
0.99843137 0.95058824 0.58509806
0.99864667 0.95737024 0.58714343
0.99886198 0.96415225 0.58918880
0.99907728 0.97093426 0.59123417
0.99929258 0.97771626 0.59327953
0.99950788 0.98449827 0.59532490
0.99972318 0.99128028 0.59737027
0.99993849 0.99806228 0.59941563
0.98469819 0.98869666 0.60176857
0.96327566 0.97287197 0.60424454
0.94185313 0.95704729 0.60672052
0.92043060 0.94122261 0.60919649
0.89900807 0.92539792 0.61167246
0.87758554 0.90957324 0.61414843
0.85616301 0.89374856 0.61662440
0.83474048 0.87792388 0.61910037
0.81331796 0.86209919 0.62157634
0.79189543 0.84627451 0.62405231
0.77047290 0.83044983 0.62652828
0.74905037 0.81462515 0.62900425
0.72762784 0.79880046 0.63148022
0.70620531 0.78297578 0.63395619
0.68478278 0.76715110 0.63643216
0.66336025 0.75132641 0.63890813
0.64193772 0.73550173 0.64138410
0.62051519 0.71967705 0.64386008
0.59909266 0.70385237 0.64633605
0.57767013 0.68802768 0.64881202
0.55624760 0.67220300 0.65128799
0.53482507 0.65637832 0.65376396
0.51340254 0.64055364 0.65623993
0.49198001 0.62472895 0.65871590
0.47055748 0.60890427 0.66119187
0.44913495 0.59307959 0.66366784
0.42771242 0.57725491 0.66614381
0.40628989 0.56143022 0.66861978
0.38486736 0.54560554 0.67109575
0.36344483 0.52978086 0.67357172
0.34202230 0.51395617 0.67604769
0.32059977 0.49813149 0.67852366
0.29917724 0.48230681 0.68099963
0.27775471 0.46648213 0.68347561
0.25633218 0.45065744 0.68595158
0.23490965 0.43483276 0.68842755
0.22526721 0.42026913 0.68868898
0.24507497 0.40885814 0.68341409
0.26488274 0.39744714 0.67813919
0.28469051 0.38603614 0.67286430
0.30449827 0.37462515 0.66758941
0.32430604 0.36321415 0.66231451
0.34411380 0.35180316 0.65703962
0.36392157 0.34039216 0.65176472
0.38372934 0.32898116 0.64648983
0.40353710 0.31757017 0.64121493
0.42334487 0.30615917 0.63594004
0.44315264 0.29474818 0.63066514
0.46296040 0.28333718 0.62539025
0.48276817 0.27192619 0.62011535
0.50257593 0.26051519 0.61484046
0.52238370 0.24910419 0.60956556
0.54219147 0.23769320 0.60429067
0.56199923 0.22628220 0.59901577
0.58180700 0.21487121 0.59374088
0.60161477 0.20346021 0.58846598
0.62142253 0.19204921 0.58319109
0.64123030 0.18063822 0.57791619
0.66103807 0.16922722 0.57264130
0.68084583 0.15781623 0.56736640
0.70065360 0.14640523 0.56209151
0.72046136 0.13499423 0.55681661
0.74026913 0.12358324 0.55154172
0.76007690 0.11217224 0.54626683
0.77988466 0.10076125 0.54099193
0.79969243 0.08935025 0.53571704
0.81950020 0.07793926 0.53044214
0.83930796 0.06652826 0.52516725
0.85911573 0.05511726 0.51989235
0.87892349 0.04370627 0.51461746
0.89873126 0.03229527 0.50934256
0.91853903 0.02088428 0.50406767
0.93834679 0.00947328 0.49879277
0.93665514 0.01605536 0.48844291
0.93138024 0.02563629 0.47724721
0.92610535 0.03521723 0.46605152
0.92083045 0.04479816 0.45485583
0.91555556 0.05437909 0.44366013
0.91028067 0.06396002 0.43246444
0.90500577 0.07354095 0.42126874
0.89973088 0.08312188 0.41007305
0.89445598 0.09270281 0.39887736
0.88918109 0.10228374 0.38768166
0.88390620 0.11186467 0.37648597
0.87863130 0.12144560 0.36529027
0.87335641 0.13102653 0.35409458
0.86808151 0.14060746 0.34289889
0.86280662 0.15018839 0.33170319
0.85753173 0.15976932 0.32050750
0.85225683 0.16935025 0.30931180
0.84698194 0.17893118 0.29811611
0.84170705 0.18851212 0.28692042
0.83643215 0.19809305 0.27572472
0.83115726 0.20767398 0.26452903
0.82588236 0.21725491 0.25333333
0.82060747 0.22683584 0.24213764
0.81533258 0.23641677 0.23094195
0.81005768 0.24599770 0.21974625
0.80478279 0.25557863 0.20855056
0.79950789 0.26515956 0.19735487
0.79423300 0.27474049 0.18615917
0.78895811 0.28432142 0.17496348
0.78368321 0.29390235 0.16376778
0.77840832 0.30348328 0.15257209
0.77313342 0.31306421 0.14137640
0.76785853 0.32264514 0.13018070
0.76258364 0.33222607 0.11898501
0.75730874 0.34180701 0.10778931
0.75203385 0.35138794 0.09659362
0.74491351 0.35737025 0.09384083
0.73533258 0.35855441 0.10234525
0.72575165 0.35973857 0.11084968
0.71617072 0.36092273 0.11935410
0.70658979 0.36210689 0.12785852
0.69700886 0.36329105 0.13636294
0.68742793 0.36447521 0.14486736
0.67784700 0.36565937 0.15337178
0.66826606 0.36684353 0.16187620
0.65868513 0.36802769 0.17038063
0.64910420 0.36921185 0.17888505
0.63952327 0.37039601 0.18738947
0.62994234 0.37158017 0.19589389
0.62036141 0.37276433 0.20439831
0.61078048 0.37394849 0.21290273
0.60119955 0.37513265 0.22140715
0.59161862 0.37631681 0.22991158
0.58203769 0.37750097 0.23841600
0.57245676 0.37868513 0.24692042
0.56287583 0.37986929 0.25542484
0.55329490 0.38105345 0.26392926
0.54371397 0.38223761 0.27243368
0.53413304 0.38342177 0.28093811
0.52455210 0.38460593 0.28944253
0.51497117 0.38579009 0.29794695
0.50539024 0.38697425 0.30645137
0.49580931 0.38815841 0.31495579
0.48622838 0.38934257 0.32346021
0.47664745 0.39052673 0.33196463
0.46706652 0.39171089 0.34046906
0.45748559 0.39289505 0.34897348
0.44790466 0.39407921 0.35747790
0.43832373 0.39526337 0.36598232
0.42874280 0.39644753 0.37448674
0.41916187 0.39763169 0.38299116
0.40958094 0.39881585 0.39149558
0.40000001 0.40000001 0.40000001
