0.96862745 0.98431373 1.00000000
0.96555171 0.98234525 0.99901576
0.96247597 0.98037678 0.99803153
0.95940023 0.97840831 0.99704729
0.95632449 0.97643983 0.99606305
0.95324875 0.97447136 0.99507882
0.95017301 0.97250289 0.99409458
0.94709727 0.97053441 0.99311034
0.94402153 0.96856594 0.99212611
0.94094579 0.96659746 0.99114187
0.93787005 0.96462899 0.99015763
0.93479431 0.96266052 0.98917340
0.93171857 0.96069204 0.98818916
0.92864283 0.95872357 0.98720492
0.92556709 0.95675510 0.98622069
0.92249135 0.95478662 0.98523645
0.91941561 0.95281815 0.98425221
0.91633987 0.95084968 0.98326797
0.91326413 0.94888120 0.98228374
0.91018839 0.94691273 0.98129950
0.90711265 0.94494426 0.98031526
0.90403691 0.94297578 0.97933103
0.90096117 0.94100731 0.97834679
0.89788543 0.93903883 0.97736255
0.89480969 0.93707036 0.97637832
0.89173395 0.93510189 0.97539408
0.88865822 0.93313341 0.97440984
0.88558248 0.93116494 0.97342561
0.88250674 0.92919647 0.97244137
0.87943100 0.92722799 0.97145713
0.87635526 0.92525952 0.97047290
0.87327952 0.92329105 0.96948866
0.87021915 0.92132257 0.96850442
0.86726644 0.91935410 0.96752019
0.86431373 0.91738563 0.96653595
0.86136102 0.91541715 0.96555171
0.85840831 0.91344868 0.96456748
0.85545560 0.91148021 0.96358324
0.85250289 0.90951173 0.96259900
0.84955018 0.90754326 0.96161477
0.84659747 0.90557478 0.96063053
0.84364476 0.90360631 0.95964629
0.84069205 0.90163784 0.95866206
0.83773934 0.89966936 0.95767782
0.83478663 0.89770089 0.95669358
0.83183392 0.89573242 0.95570935
0.82888121 0.89376394 0.95472511
0.82592850 0.89179547 0.95374087
0.82297579 0.88982700 0.95275663
0.82002308 0.88785852 0.95177240
0.81707037 0.88589005 0.95078816
0.81411766 0.88392158 0.94980392
0.81116495 0.88195310 0.94881969
0.80821224 0.87998463 0.94783545
0.80525953 0.87801615 0.94685121
0.80230682 0.87604768 0.94586698
0.79935411 0.87407921 0.94488274
0.79640140 0.87211073 0.94389850
0.79344869 0.87014226 0.94291427
0.79049598 0.86817379 0.94193003
0.78754327 0.86620531 0.94094579
0.78459055 0.86423684 0.93996156
0.78163784 0.86226837 0.93897732
0.77868513 0.86029989 0.93799308
0.77524031 0.85830066 0.93682430
0.77031912 0.85620916 0.93510189
0.76539794 0.85411766 0.93337947
0.76047675 0.85202615 0.93165706
0.75555557 0.84993465 0.92993464
0.75063439 0.84784315 0.92821223
0.74571320 0.84575164 0.92648982
0.74079202 0.84366014 0.92476740
0.73587083 0.84156864 0.92304499
0.73094965 0.83947713 0.92132257
0.72602847 0.83738563 0.91960016
0.72110728 0.83529413 0.91787774
0.71618610 0.83320262 0.91615533
0.71126492 0.83111112 0.91443292
0.70634373 0.82901962 0.91271050
0.70142255 0.82692811 0.91098809
0.69650136 0.82483661 0.90926567
0.69158018 0.82274511 0.90754326
0.68665900 0.82065361 0.90582084
0.68173781 0.81856210 0.90409843
0.67681663 0.81647060 0.90237602
0.67189544 0.81437910 0.90065360
0.66697426 0.81228759 0.89893119
0.66205308 0.81019609 0.89720877
0.65713189 0.80810459 0.89548636
0.65221071 0.80601308 0.89376394
0.64728953 0.80392158 0.89204153
0.64236834 0.80183008 0.89031911
0.63744716 0.79973857 0.88859670
0.63252597 0.79764707 0.88687429
0.62760479 0.79555557 0.88515187
0.62268361 0.79346406 0.88342946
0.61725492 0.79086506 0.88184545
0.61098041 0.78742024 0.88049213
0.60470590 0.78397541 0.87913880
0.59843139 0.78053058 0.87778547
0.59215688 0.77708575 0.87643215
0.58588237 0.77364092 0.87507882
0.57960786 0.77019609 0.87372550
0.57333335 0.76675126 0.87237217
0.56705884 0.76330643 0.87101885
0.56078433 0.75986161 0.86966552
0.55450982 0.75641678 0.86831220
0.54823531 0.75297195 0.86695887
0.54196080 0.74952712 0.86560554
0.53568629 0.74608229 0.86425222
0.52941178 0.74263746 0.86289889
0.52313727 0.73919263 0.86154557
0.51686276 0.73574781 0.86019224
0.51058825 0.73230298 0.85883892
0.50431374 0.72885815 0.85748559
0.49803923 0.72541332 0.85613227
0.49176472 0.72196849 0.85477894
0.48549021 0.71852366 0.85342561
0.47921570 0.71507883 0.85207229
0.47294119 0.71163400 0.85071896
0.46666668 0.70818918 0.84936564
0.46039217 0.70474435 0.84801231
0.45411765 0.70129952 0.84665899
0.44784314 0.69785469 0.84530566
0.44156863 0.69440986 0.84395234
0.43529412 0.69096503 0.84259901
0.42901961 0.68752020 0.84124568
0.42274510 0.68407537 0.83989236
0.41708574 0.68063055 0.83823146
0.41204153 0.67718572 0.83626299
0.40699731 0.67374089 0.83429451
0.40195310 0.67029606 0.83232604
0.39690889 0.66685123 0.83035756
0.39186467 0.66340640 0.82838909
0.38682046 0.65996157 0.82642062
0.38177625 0.65651674 0.82445214
0.37673203 0.65307192 0.82248367
0.37168782 0.64962709 0.82051520
0.36664361 0.64618226 0.81854672
0.36159939 0.64273743 0.81657825
0.35655518 0.63929260 0.81460978
0.35151097 0.63584777 0.81264130
0.34646675 0.63240294 0.81067283
0.34142254 0.62895812 0.80870436
0.33637833 0.62551329 0.80673588
0.33133411 0.62206846 0.80476741
0.32628990 0.61862363 0.80279894
0.32124569 0.61517880 0.80083046
0.31620147 0.61173397 0.79886199
0.31115726 0.60828914 0.79689351
0.30611305 0.60484431 0.79492504
0.30106883 0.60139949 0.79295657
0.29602462 0.59795466 0.79098809
0.29098040 0.59450983 0.78901962
0.28593619 0.59106500 0.78705115
0.28089198 0.58762017 0.78508267
0.27584776 0.58417534 0.78311420
0.27080355 0.58073051 0.78114573
0.26575934 0.57728568 0.77917725
0.26071512 0.57384086 0.77720878
0.25628606 0.57001156 0.77516341
0.25222608 0.56595158 0.77307191
0.24816610 0.56189160 0.77098041
0.24410613 0.55783163 0.76888890
0.24004615 0.55377165 0.76679740
0.23598617 0.54971167 0.76470590
0.23192620 0.54565169 0.76261439
0.22786622 0.54159172 0.76052289
0.22380624 0.53753174 0.75843139
0.21974626 0.53347176 0.75633988
0.21568629 0.52941178 0.75424838
0.21162631 0.52535181 0.75215688
0.20756633 0.52129183 0.75006537
0.20350636 0.51723185 0.74797387
0.19944638 0.51317187 0.74588237
0.19538640 0.50911189 0.74379086
0.19132642 0.50505192 0.74169936
0.18726645 0.50099194 0.73960786
0.18320647 0.49693196 0.73751636
0.17914649 0.49287198 0.73542485
0.17508651 0.48881201 0.73333335
0.17102654 0.48475203 0.73124185
0.16696656 0.48069205 0.72915034
0.16290658 0.47663207 0.72705884
0.15884661 0.47257210 0.72496734
0.15478663 0.46851212 0.72287583
0.15072665 0.46445214 0.72078433
0.14666667 0.46039216 0.71869283
0.14260670 0.45633219 0.71660132
0.13854672 0.45227221 0.71450982
0.13448674 0.44821223 0.71241832
0.13042677 0.44415225 0.71032681
0.12710497 0.44018455 0.70749713
0.12402923 0.43624760 0.70442139
0.12095349 0.43231065 0.70134565
0.11787775 0.42837371 0.69826991
0.11480201 0.42443676 0.69519417
0.11172627 0.42049981 0.69211843
0.10865053 0.41656287 0.68904269
0.10557478 0.41262592 0.68596695
0.10249904 0.40868897 0.68289121
0.09942330 0.40475202 0.67981547
0.09634756 0.40081508 0.67673973
0.09327182 0.39687813 0.67366399
0.09019608 0.39294118 0.67058825
0.08712034 0.38900424 0.66751252
0.08404460 0.38506729 0.66443678
0.08096886 0.38113034 0.66136104
0.07789312 0.37719339 0.65828530
0.07481738 0.37325645 0.65520956
0.07174164 0.36931950 0.65213382
0.06866590 0.36538255 0.64905808
0.06559016 0.36144561 0.64598234
0.06251442 0.35750866 0.64290660
0.05943868 0.35357171 0.63983086
0.05636294 0.34963476 0.63675512
0.05328720 0.34569782 0.63367938
0.05021146 0.34176087 0.63060364
0.04713572 0.33782392 0.62752790
0.04405998 0.33388698 0.62445216
0.04098424 0.32995003 0.62137642
0.03790850 0.32601308 0.61830068
0.03483276 0.32207614 0.61522494
0.03175702 0.31813919 0.61214920
0.03137255 0.31409459 0.60648983
0.03137255 0.31003461 0.60046138
0.03137255 0.30597464 0.59443293
0.03137255 0.30191466 0.58840448
0.03137255 0.29785468 0.58237603
0.03137255 0.29379470 0.57634758
0.03137255 0.28973473 0.57031913
0.03137255 0.28567475 0.56429068
0.03137255 0.28161477 0.55826222
0.03137255 0.27755480 0.55223377
0.03137255 0.27349482 0.54620532
0.03137255 0.26943484 0.54017687
0.03137255 0.26537486 0.53414842
0.03137255 0.26131489 0.52811997
0.03137255 0.25725491 0.52209152
0.03137255 0.25319493 0.51606307
0.03137255 0.24913496 0.51003462
0.03137255 0.24507498 0.50400616
0.03137255 0.24101500 0.49797771
0.03137255 0.23695502 0.49194926
0.03137255 0.23289505 0.48592081
0.03137255 0.22883507 0.47989236
0.03137255 0.22477509 0.47386391
0.03137255 0.22071512 0.46783546
0.03137255 0.21665514 0.46180701
0.03137255 0.21259516 0.45577855
0.03137255 0.20853518 0.44975010
0.03137255 0.20447521 0.44372165
0.03137255 0.20041523 0.43769320
0.03137255 0.19635525 0.43166475
0.03137255 0.19229527 0.42563630
0.03137255 0.18823530 0.41960785
