0.96862745 0.98823529 0.99215686
0.96579777 0.98626682 0.99104960
0.96296809 0.98429835 0.98994233
0.96013841 0.98232987 0.98883506
0.95730873 0.98036140 0.98772780
0.95447905 0.97839293 0.98662053
0.95164937 0.97642445 0.98551326
0.94881969 0.97445598 0.98440600
0.94599001 0.97248751 0.98329873
0.94316033 0.97051903 0.98219147
0.94033065 0.96855056 0.98108420
0.93750096 0.96658209 0.97997693
0.93467128 0.96461361 0.97886967
0.93184160 0.96264514 0.97776240
0.92901192 0.96067667 0.97665513
0.92618224 0.95870819 0.97554787
0.92335256 0.95673972 0.97444060
0.92052288 0.95477124 0.97333333
0.91769320 0.95280277 0.97222607
0.91486352 0.95083430 0.97111880
0.91203384 0.94886582 0.97001154
0.90920416 0.94689735 0.96890427
0.90637448 0.94492888 0.96779700
0.90354480 0.94296040 0.96668974
0.90071512 0.94099193 0.96558247
0.89788543 0.93902346 0.96447520
0.89505575 0.93705498 0.96336794
0.89222607 0.93508651 0.96226067
0.88939639 0.93311804 0.96115340
0.88656671 0.93114956 0.96004614
0.88373703 0.92918109 0.95893887
0.88090735 0.92721261 0.95783161
0.87792388 0.92510573 0.95664745
0.87386391 0.92202999 0.95492503
0.86980393 0.91895425 0.95320262
0.86574395 0.91587851 0.95148020
0.86168398 0.91280277 0.94975779
0.85762400 0.90972703 0.94803537
0.85356402 0.90665129 0.94631296
0.84950405 0.90357555 0.94459055
0.84544407 0.90049981 0.94286813
0.84138409 0.89742407 0.94114572
0.83732412 0.89434833 0.93942330
0.83326414 0.89127259 0.93770089
0.82920416 0.88819685 0.93597847
0.82514419 0.88512111 0.93425606
0.82108421 0.88204537 0.93253364
0.81702423 0.87896963 0.93081123
0.81296426 0.87589389 0.92908882
0.80890428 0.87281815 0.92736640
0.80484430 0.86974241 0.92564399
0.80078433 0.86666667 0.92392157
0.79672435 0.86359093 0.92219916
0.79266437 0.86051519 0.92047674
0.78860440 0.85743945 0.91875433
0.78454442 0.85436371 0.91703192
0.78048444 0.85128798 0.91530950
0.77642447 0.84821224 0.91358709
0.77236449 0.84513650 0.91186467
0.76830451 0.84206076 0.91014226
0.76424454 0.83898502 0.90841984
0.76018456 0.83590928 0.90669743
0.75612458 0.83283354 0.90497502
0.75206461 0.82975780 0.90325260
0.74800463 0.82674357 0.90159170
0.74394465 0.82391389 0.90011535
0.73988468 0.82108421 0.89863899
0.73582470 0.81825453 0.89716264
0.73176472 0.81542485 0.89568628
0.72770475 0.81259517 0.89420993
0.72364477 0.80976549 0.89273357
0.71958479 0.80693581 0.89125722
0.71552482 0.80410612 0.88978086
0.71146484 0.80127644 0.88830450
0.70740486 0.79844676 0.88682815
0.70334489 0.79561708 0.88535179
0.69928491 0.79278740 0.88387544
0.69522493 0.78995772 0.88239908
0.69116495 0.78712804 0.88092273
0.68710498 0.78429836 0.87944637
0.68304500 0.78146868 0.87797002
0.67898502 0.77863900 0.87649366
0.67492505 0.77580932 0.87501731
0.67086507 0.77297964 0.87354095
0.66680509 0.77014996 0.87206460
0.66274512 0.76732028 0.87058824
0.65868514 0.76449059 0.86911189
0.65462516 0.76166091 0.86763553
0.65056519 0.75883123 0.86615918
0.64650521 0.75600155 0.86468282
0.64244523 0.75317187 0.86320647
0.63838526 0.75034219 0.86173011
0.63432528 0.74751251 0.86025376
0.63026530 0.74468283 0.85877740
0.62620533 0.74185315 0.85730105
0.62214535 0.73902347 0.85582469
0.61877742 0.73550175 0.85397925
0.61656288 0.73082662 0.85151866
0.61434835 0.72615150 0.84905806
0.61213382 0.72147637 0.84659747
0.60991929 0.71680125 0.84413688
0.60770475 0.71212612 0.84167629
0.60549022 0.70745100 0.83921570
0.60327569 0.70277587 0.83675510
0.60106115 0.69810075 0.83429451
0.59884662 0.69342562 0.83183392
0.59663209 0.68875050 0.82937333
0.59441756 0.68407537 0.82691274
0.59220302 0.67940025 0.82445214
0.58998849 0.67472513 0.82199155
0.58777396 0.67005000 0.81953096
0.58555942 0.66537488 0.81707037
0.58334489 0.66069975 0.81460978
0.58113036 0.65602463 0.81214918
0.57891583 0.65134950 0.80968859
0.57670129 0.64667438 0.80722800
0.57448676 0.64199925 0.80476741
0.57227223 0.63732413 0.80230682
0.57005770 0.63264900 0.79984622
0.56784316 0.62797388 0.79738563
0.56562863 0.62329875 0.79492504
0.56341410 0.61862363 0.79246445
0.56119956 0.61394850 0.79000386
0.55898503 0.60927338 0.78754327
0.55677050 0.60459826 0.78508267
0.55455597 0.59992313 0.78262208
0.55234143 0.59524801 0.78016149
0.55012690 0.59057288 0.77770090
0.54901963 0.58559018 0.77517879
0.54901963 0.58029991 0.77259517
0.54901963 0.57500963 0.77001155
0.54901963 0.56971936 0.76742793
0.54901963 0.56442909 0.76484430
0.54901963 0.55913881 0.76226068
0.54901963 0.55384854 0.75967706
0.54901963 0.54855827 0.75709344
0.54901963 0.54326799 0.75450982
0.54901963 0.53797772 0.75192620
0.54901963 0.53268745 0.74934258
0.54901963 0.52739717 0.74675895
0.54901963 0.52210690 0.74417533
0.54901963 0.51681663 0.74159171
0.54901963 0.51152635 0.73900809
0.54901963 0.50623608 0.73642447
0.54901963 0.50094580 0.73384085
0.54901963 0.49565553 0.73125722
0.54901963 0.49036526 0.72867360
0.54901963 0.48507498 0.72608998
0.54901963 0.47978471 0.72350636
0.54901963 0.47449444 0.72092274
0.54901963 0.46920416 0.71833912
0.54901963 0.46391389 0.71575550
0.54901963 0.45862362 0.71317187
0.54901963 0.45333334 0.71058825
0.54901963 0.44804307 0.70800463
0.54901963 0.44275279 0.70542101
0.54901963 0.43746252 0.70283739
0.54901963 0.43217225 0.70025377
0.54901963 0.42688197 0.69767014
0.54901963 0.42159170 0.69508652
0.54871206 0.41637832 0.69257980
0.54821994 0.41121108 0.69011920
0.54772782 0.40604383 0.68765861
0.54723571 0.40087659 0.68519802
0.54674359 0.39570935 0.68273743
0.54625147 0.39054211 0.68027684
0.54575935 0.38537486 0.67781624
0.54526723 0.38020762 0.67535565
0.54477511 0.37504038 0.67289506
0.54428300 0.36987313 0.67043447
0.54379088 0.36470589 0.66797388
0.54329876 0.35953865 0.66551328
0.54280664 0.35437140 0.66305269
0.54231452 0.34920416 0.66059210
0.54182240 0.34403692 0.65813151
0.54133028 0.33886968 0.65567092
0.54083817 0.33370243 0.65321032
0.54034605 0.32853519 0.65074973
0.53985393 0.32336795 0.64828914
0.53936181 0.31820070 0.64582855
0.53886969 0.31303346 0.64336796
0.53837757 0.30786622 0.64090736
0.53788546 0.30269897 0.63844677
0.53739334 0.29753173 0.63598618
0.53690122 0.29236449 0.63352559
0.53640910 0.28719724 0.63106500
0.53591698 0.28203000 0.62860441
0.53542486 0.27686276 0.62614381
0.53493275 0.27169552 0.62368322
0.53444063 0.26652827 0.62122263
0.53394851 0.26136103 0.61876204
0.53345639 0.25619379 0.61630145
0.53268746 0.25028836 0.61264131
0.53182625 0.24413688 0.60858134
0.53096504 0.23798540 0.60452136
0.53010383 0.23183392 0.60046138
0.52924263 0.22568244 0.59640140
0.52838142 0.21953096 0.59234143
0.52752021 0.21337948 0.58828145
0.52665901 0.20722800 0.58422147
0.52579780 0.20107652 0.58016149
0.52493659 0.19492504 0.57610152
0.52407538 0.18877356 0.57204154
0.52321418 0.18262208 0.56798156
0.52235297 0.17647060 0.56392158
0.52149176 0.17031912 0.55986161
0.52063056 0.16416764 0.55580163
0.51976935 0.15801616 0.55174165
0.51890814 0.15186467 0.54768167
0.51804693 0.14571319 0.54362169
0.51718573 0.13956171 0.53956172
0.51632452 0.13341023 0.53550174
0.51546331 0.12725875 0.53144176
0.51460211 0.12110727 0.52738178
0.51374090 0.11495579 0.52332181
0.51287969 0.10880431 0.51926183
0.51201848 0.10265283 0.51520185
0.51115728 0.09650135 0.51114187
0.51029607 0.09034987 0.50708190
0.50943486 0.08419839 0.50302192
0.50857365 0.07804691 0.49896194
0.50771245 0.07189543 0.49490196
0.50685124 0.06574395 0.49084199
0.50599003 0.05959246 0.48678201
0.50028453 0.05720877 0.48099962
0.49388699 0.05536332 0.47497117
0.48748946 0.05351788 0.46894272
0.48109192 0.05167243 0.46291427
0.47469438 0.04982699 0.45688582
0.46829684 0.04798155 0.45085737
0.46189930 0.04613610 0.44482892
0.45550176 0.04429066 0.43880047
0.44910422 0.04244521 0.43277201
0.44270668 0.04059977 0.42674356
0.43630914 0.03875433 0.42071511
0.42991160 0.03690888 0.41468666
0.42351406 0.03506344 0.40865821
0.41711652 0.03321799 0.40262976
0.41071898 0.03137255 0.39660131
0.40432144 0.02952711 0.39057286
0.39792390 0.02768166 0.38454441
0.39152636 0.02583622 0.37851596
0.38512882 0.02399077 0.37248751
0.37873128 0.02214533 0.36645906
0.37233374 0.02029988 0.36043061
0.36593620 0.01845444 0.35440216
0.35953866 0.01660900 0.34837371
0.35314112 0.01476355 0.34234526
0.34674358 0.01291811 0.33631681
0.34034604 0.01107266 0.33028836
0.33394850 0.00922722 0.32425991
0.32755096 0.00738178 0.31823146
0.32115342 0.00553633 0.31220301
0.31475588 0.00369089 0.30617456
0.30835834 0.00184544 0.30014611
0.30196080 0.00000000 0.29411766
