0.00000000 0.00000000 0.00000000
0.00484429 0.00306353 0.00195098
0.00968858 0.00612706 0.00390196
0.01453287 0.00919059 0.00585294
0.01937716 0.01225412 0.00780392
0.02422145 0.01531765 0.00975490
0.02906574 0.01838118 0.01170588
0.03391003 0.02144471 0.01365686
0.03875432 0.02450824 0.01560784
0.04359861 0.02757176 0.01755882
0.04844290 0.03063529 0.01950980
0.05328718 0.03369882 0.02146078
0.05813147 0.03676235 0.02341176
0.06297576 0.03982588 0.02536275
0.06782005 0.04288941 0.02731373
0.07266434 0.04595294 0.02926471
0.07750863 0.04901647 0.03121569
0.08235292 0.05208000 0.03316667
0.08719721 0.05514353 0.03511765
0.09204150 0.05820706 0.03706863
0.09688579 0.06127059 0.03901961
0.10173008 0.06433412 0.04097059
0.10657437 0.06739765 0.04292157
0.11141866 0.07046118 0.04487255
0.11626295 0.07352471 0.04682353
0.12110724 0.07658824 0.04877451
0.12595153 0.07965176 0.05072549
0.13079582 0.08271529 0.05267647
0.13564011 0.08577882 0.05462745
0.14048440 0.08884235 0.05657843
0.14532869 0.09190588 0.05852941
0.15017298 0.09496941 0.06048039
0.15501726 0.09803294 0.06243137
0.15986155 0.10109647 0.06438235
0.16470584 0.10416000 0.06633333
0.16955013 0.10722353 0.06828431
0.17439442 0.11028706 0.07023529
0.17923871 0.11335059 0.07218627
0.18408300 0.11641412 0.07413725
0.18892729 0.11947765 0.07608824
0.19377158 0.12254118 0.07803922
0.19861587 0.12560471 0.07999020
0.20346016 0.12866824 0.08194118
0.20830445 0.13173176 0.08389216
0.21314874 0.13479529 0.08584314
0.21799303 0.13785882 0.08779412
0.22283732 0.14092235 0.08974510
0.22768161 0.14398588 0.09169608
0.23252590 0.14704941 0.09364706
0.23737019 0.15011294 0.09559804
0.24221448 0.15317647 0.09754902
0.24705877 0.15624000 0.09950000
0.25190305 0.15930353 0.10145098
0.25674734 0.16236706 0.10340196
0.26159163 0.16543059 0.10535294
0.26643592 0.16849412 0.10730392
0.27128021 0.17155765 0.10925490
0.27612450 0.17462118 0.11120588
0.28096879 0.17768471 0.11315686
0.28581308 0.18074824 0.11510784
0.29065737 0.18381176 0.11705882
0.29550166 0.18687529 0.11900980
0.30034595 0.18993882 0.12096078
0.30519024 0.19300235 0.12291176
0.31003453 0.19606588 0.12486275
0.31487882 0.19912941 0.12681373
0.31972311 0.20219294 0.12876471
0.32456740 0.20525647 0.13071569
0.32941169 0.20832000 0.13266667
0.33425598 0.21138353 0.13461765
0.33910027 0.21444706 0.13656863
0.34394456 0.21751059 0.13851961
0.34878885 0.22057412 0.14047059
0.35363313 0.22363765 0.14242157
0.35847742 0.22670118 0.14437255
0.36332171 0.22976471 0.14632353
0.36816600 0.23282824 0.14827451
0.37301029 0.23589176 0.15022549
0.37785458 0.23895529 0.15217647
0.38269887 0.24201882 0.15412745
0.38754316 0.24508235 0.15607843
0.39238745 0.24814588 0.15802941
0.39723174 0.25120941 0.15998039
0.40207603 0.25427294 0.16193137
0.40692032 0.25733647 0.16388235
0.41176461 0.26040000 0.16583333
0.41660890 0.26346353 0.16778431
0.42145319 0.26652706 0.16973529
0.42629748 0.26959059 0.17168627
0.43114177 0.27265412 0.17363725
0.43598606 0.27571765 0.17558824
0.44083035 0.27878118 0.17753922
0.44567464 0.28184471 0.17949020
0.45051893 0.28490824 0.18144118
0.45536321 0.28797176 0.18339216
0.46020750 0.29103529 0.18534314
0.46505179 0.29409882 0.18729412
0.46989608 0.29716235 0.18924510
0.47474037 0.30022588 0.19119608
0.47958466 0.30328941 0.19314706
0.48442895 0.30635294 0.19509804
0.48927324 0.30941647 0.19704902
0.49411753 0.31248000 0.19900000
0.49896182 0.31554353 0.20095098
0.50380611 0.31860706 0.20290196
0.50865040 0.32167059 0.20485294
0.51349469 0.32473412 0.20680392
0.51833898 0.32779765 0.20875490
0.52318327 0.33086118 0.21070588
0.52802756 0.33392471 0.21265686
0.53287185 0.33698824 0.21460784
0.53771614 0.34005176 0.21655882
0.54256043 0.34311529 0.21850980
0.54740472 0.34617882 0.22046078
0.55224901 0.34924235 0.22241176
0.55709329 0.35230588 0.22436275
0.56193758 0.35536941 0.22631373
0.56678187 0.35843294 0.22826471
0.57162616 0.36149647 0.23021569
0.57647045 0.36456000 0.23216667
0.58131474 0.36762353 0.23411765
0.58615903 0.37068706 0.23606863
0.59100332 0.37375059 0.23801961
0.59584761 0.37681412 0.23997059
0.60069190 0.37987765 0.24192157
0.60553619 0.38294118 0.24387255
0.61038048 0.38600471 0.24582353
0.61522477 0.38906824 0.24777451
0.62006906 0.39213176 0.24972549
0.62491335 0.39519529 0.25167647
0.62975764 0.39825882 0.25362745
0.63460193 0.40132235 0.25557843
0.63944622 0.40438588 0.25752941
0.64429051 0.40744941 0.25948039
0.64913480 0.41051294 0.26143137
0.65397908 0.41357647 0.26338235
0.65882337 0.41664000 0.26533333
0.66366766 0.41970353 0.26728431
0.66851195 0.42276706 0.26923529
0.67335624 0.42583059 0.27118627
0.67820053 0.42889412 0.27313725
0.68304482 0.43195765 0.27508824
0.68788911 0.43502118 0.27703922
0.69273340 0.43808471 0.27899020
0.69757769 0.44114824 0.28094118
0.70242198 0.44421176 0.28289216
0.70726627 0.44727529 0.28484314
0.71211056 0.45033882 0.28679412
0.71695485 0.45340235 0.28874510
0.72179914 0.45646588 0.29069608
0.72664343 0.45952941 0.29264706
0.73148772 0.46259294 0.29459804
0.73633201 0.46565647 0.29654902
0.74117630 0.46872000 0.29850000
0.74602059 0.47178353 0.30045098
0.75086488 0.47484706 0.30240196
0.75570916 0.47791059 0.30435294
0.76055345 0.48097412 0.30630392
0.76539774 0.48403765 0.30825490
0.77024203 0.48710118 0.31020588
0.77508632 0.49016471 0.31215686
0.77993061 0.49322824 0.31410784
0.78477490 0.49629176 0.31605882
0.78961919 0.49935529 0.31800980
0.79446348 0.50241882 0.31996078
0.79930777 0.50548235 0.32191176
0.80415206 0.50854588 0.32386275
0.80899635 0.51160941 0.32581373
0.81384064 0.51467294 0.32776471
0.81868493 0.51773647 0.32971569
0.82352922 0.52080000 0.33166667
0.82837351 0.52386353 0.33361765
0.83321780 0.52692706 0.33556863
0.83806209 0.52999059 0.33751961
0.84290638 0.53305412 0.33947059
0.84775067 0.53611765 0.34142157
0.85259496 0.53918118 0.34337255
0.85743924 0.54224471 0.34532353
0.86228353 0.54530824 0.34727451
0.86712782 0.54837176 0.34922549
0.87197211 0.55143529 0.35117647
0.87681640 0.55449882 0.35312745
0.88166069 0.55756235 0.35507843
0.88650498 0.56062588 0.35702941
0.89134927 0.56368941 0.35898039
0.89619356 0.56675294 0.36093137
0.90103785 0.56981647 0.36288235
0.90588214 0.57288000 0.36483333
0.91072643 0.57594353 0.36678431
0.91557072 0.57900706 0.36873529
0.92041501 0.58207059 0.37068627
0.92525930 0.58513412 0.37263725
0.93010359 0.58819765 0.37458824
0.93494788 0.59126118 0.37653922
0.93979217 0.59432471 0.37849020
0.94463646 0.59738824 0.38044118
0.94948075 0.60045176 0.38239216
0.95432503 0.60351529 0.38434314
0.95916932 0.60657882 0.38629412
0.96401361 0.60964235 0.38824510
0.96885790 0.61270588 0.39019608
0.97370219 0.61576941 0.39214706
0.97854648 0.61883294 0.39409804
0.98339077 0.62189647 0.39604902
0.98823506 0.62496000 0.39800000
0.99307935 0.62802353 0.39995098
0.99792364 0.63108706 0.40190196
1.00000000 0.63415059 0.40385294
1.00000000 0.63721412 0.40580392
1.00000000 0.64027765 0.40775490
1.00000000 0.64334118 0.40970588
1.00000000 0.64640471 0.41165686
1.00000000 0.64946824 0.41360784
1.00000000 0.65253176 0.41555882
1.00000000 0.65559529 0.41750980
1.00000000 0.65865882 0.41946078
1.00000000 0.66172235 0.42141176
1.00000000 0.66478588 0.42336275
1.00000000 0.66784941 0.42531373
1.00000000 0.67091294 0.42726471
1.00000000 0.67397647 0.42921569
1.00000000 0.67704000 0.43116667
1.00000000 0.68010353 0.43311765
1.00000000 0.68316706 0.43506863
1.00000000 0.68623059 0.43701961
1.00000000 0.68929412 0.43897059
1.00000000 0.69235765 0.44092157
1.00000000 0.69542118 0.44287255
1.00000000 0.69848471 0.44482353
1.00000000 0.70154824 0.44677451
1.00000000 0.70461176 0.44872549
1.00000000 0.70767529 0.45067647
1.00000000 0.71073882 0.45262745
1.00000000 0.71380235 0.45457843
1.00000000 0.71686588 0.45652941
1.00000000 0.71992941 0.45848039
1.00000000 0.72299294 0.46043137
1.00000000 0.72605647 0.46238235
1.00000000 0.72912000 0.46433333
1.00000000 0.73218353 0.46628431
1.00000000 0.73524706 0.46823529
1.00000000 0.73831059 0.47018627
1.00000000 0.74137412 0.47213725
1.00000000 0.74443765 0.47408824
1.00000000 0.74750118 0.47603922
1.00000000 0.75056471 0.47799020
1.00000000 0.75362824 0.47994118
1.00000000 0.75669176 0.48189216
1.00000000 0.75975529 0.48384314
1.00000000 0.76281882 0.48579412
1.00000000 0.76588235 0.48774510
1.00000000 0.76894588 0.48969608
1.00000000 0.77200941 0.49164706
1.00000000 0.77507294 0.49359804
1.00000000 0.77813647 0.49554902
1.00000000 0.78120000 0.49750000
