0.10588235 0.61960787 0.46666667
0.12633603 0.61282586 0.45407151
0.14678970 0.60604385 0.44147636
0.16724337 0.59926184 0.42888120
0.18769704 0.59247984 0.41628605
0.20815071 0.58569783 0.40369089
0.22860439 0.57891582 0.39109573
0.24905806 0.57213381 0.37850058
0.26951173 0.56535181 0.36590542
0.28996540 0.55856980 0.35331027
0.31041907 0.55178779 0.34071511
0.33087274 0.54500579 0.32811996
0.35132642 0.53822378 0.31552480
0.37178009 0.53144177 0.30292964
0.39223376 0.52465976 0.29033449
0.41268743 0.51787776 0.27773933
0.43314110 0.51109575 0.26514418
0.45359478 0.50431374 0.25254902
0.47404845 0.49753173 0.23995387
0.49450212 0.49074973 0.22735871
0.51495579 0.48396772 0.21476355
0.53540946 0.47718571 0.20216840
0.55586314 0.47040370 0.18957324
0.57631681 0.46362170 0.17697809
0.59677048 0.45683969 0.16438293
0.61722415 0.45005768 0.15178777
0.63767782 0.44327568 0.13919262
0.65813149 0.43649367 0.12659746
0.67858517 0.42971166 0.11400231
0.69903884 0.42292965 0.10140715
0.71949251 0.41614765 0.08881200
0.73994618 0.40936564 0.07621684
0.76039985 0.40258363 0.06362168
0.78085353 0.39580162 0.05102653
0.80130720 0.38901962 0.03843137
0.82176087 0.38223761 0.02583622
0.84221454 0.37545560 0.01324106
0.84482892 0.37359478 0.01873126
0.83406383 0.37542484 0.03778547
0.82329874 0.37725491 0.05683968
0.81253365 0.37908497 0.07589389
0.80176856 0.38091504 0.09494810
0.79100347 0.38274511 0.11400231
0.78023838 0.38457517 0.13305652
0.76947329 0.38640524 0.15211073
0.75870820 0.38823530 0.17116494
0.74794311 0.39006537 0.19021915
0.73717802 0.39189543 0.20927336
0.72641292 0.39372550 0.22832757
0.71564783 0.39555556 0.24738178
0.70488274 0.39738563 0.26643599
0.69411765 0.39921569 0.28549020
0.68335256 0.40104576 0.30454441
0.67258747 0.40287582 0.32359862
0.66182238 0.40470589 0.34265283
0.65105729 0.40653595 0.36170705
0.64029220 0.40836602 0.38076126
0.62952711 0.41019608 0.39981547
0.61876202 0.41202615 0.41886968
0.60799693 0.41385621 0.43792389
0.59723184 0.41568628 0.45697810
0.58646675 0.41751634 0.47603231
0.57570166 0.41934641 0.49508652
0.56493657 0.42117648 0.51414073
0.55417148 0.42300654 0.53319494
0.54340639 0.42483661 0.55224915
0.53264130 0.42666667 0.57130336
0.52187620 0.42849674 0.59035757
0.51111111 0.43032680 0.60941178
0.50034602 0.43215687 0.62846599
0.48958093 0.43398693 0.64752020
0.47881584 0.43581700 0.66657441
0.46805075 0.43764706 0.68562862
0.46057670 0.43812380 0.70133028
0.47284891 0.43048059 0.69691659
0.48512111 0.42283737 0.69250290
0.49739331 0.41519416 0.68808922
0.50966552 0.40755095 0.68367553
0.52193772 0.39990773 0.67926184
0.53420992 0.39226452 0.67484815
0.54648213 0.38462130 0.67043447
0.55875433 0.37697809 0.66602078
0.57102653 0.36933488 0.66160709
0.58329873 0.36169166 0.65719341
0.59557094 0.35404845 0.65277972
0.60784314 0.34640523 0.64836603
0.62011534 0.33876202 0.64395235
0.63238755 0.33111880 0.63953866
0.64465975 0.32347559 0.63512497
0.65693195 0.31583238 0.63071129
0.66920416 0.30818916 0.62629760
0.68147636 0.30054595 0.62188391
0.69374856 0.29290273 0.61747023
0.70602077 0.28525952 0.61305654
0.71829297 0.27761631 0.60864285
0.73056517 0.26997309 0.60422917
0.74283737 0.26232988 0.59981548
0.75510958 0.25468666 0.59540179
0.76738178 0.24704345 0.59098811
0.77965398 0.23940024 0.58657442
0.79192619 0.23175702 0.58216073
0.80419839 0.22411381 0.57774705
0.81647059 0.21647059 0.57333336
0.82874280 0.20882738 0.56891967
0.84101500 0.20118417 0.56450599
0.85328720 0.19354095 0.56009230
0.86555941 0.18589774 0.55567861
0.87783161 0.17825452 0.55126492
0.89010381 0.17061131 0.54685124
0.90237601 0.16296809 0.54243755
0.89596310 0.17039601 0.53287200
0.88207613 0.18385237 0.52124570
0.86818916 0.19730873 0.50961940
0.85430220 0.21076510 0.49799310
0.84041523 0.22422146 0.48636681
0.82652826 0.23767782 0.47474051
0.81264130 0.25113419 0.46311421
0.79875433 0.26459055 0.45148791
0.78486736 0.27804691 0.43986161
0.77098040 0.29150328 0.42823531
0.75709343 0.30495964 0.41660902
0.74320646 0.31841600 0.40498272
0.72931950 0.33187237 0.39335642
0.71543253 0.34532873 0.38173012
0.70154557 0.35878509 0.37010382
0.68765860 0.37224146 0.35847752
0.67377163 0.38569782 0.34685123
0.65988467 0.39915418 0.33522493
0.64599770 0.41261055 0.32359863
0.63211073 0.42606691 0.31197233
0.61822377 0.43952327 0.30034603
0.60433680 0.45297964 0.28871973
0.59044983 0.46643600 0.27709344
0.57656287 0.47989236 0.26546714
0.56267590 0.49334873 0.25384084
0.54878893 0.50680509 0.24221454
0.53490197 0.52026145 0.23058824
0.52101500 0.53371782 0.21896194
0.50712803 0.54717418 0.20733565
0.49324107 0.56063054 0.19570935
0.47935410 0.57408691 0.18408305
0.46546713 0.58754327 0.17245675
0.45158017 0.60099963 0.16083045
0.43769320 0.61445600 0.14920415
0.42380623 0.62791236 0.13757786
0.40991927 0.64136872 0.12595156
0.40393695 0.65113420 0.11678585
0.41771627 0.65167245 0.11377163
0.43149558 0.65221071 0.11075740
0.44527490 0.65274896 0.10774318
0.45905422 0.65328722 0.10472895
0.47283353 0.65382547 0.10171473
0.48661285 0.65436373 0.09870050
0.50039216 0.65490198 0.09568627
0.51417148 0.65544024 0.09267205
0.52795079 0.65597849 0.08965782
0.54173011 0.65651674 0.08664360
0.55550943 0.65705500 0.08362937
0.56928874 0.65759325 0.08061515
0.58306806 0.65813151 0.07760092
0.59684737 0.65866976 0.07458670
0.61062669 0.65920802 0.07157247
0.62440600 0.65974627 0.06855825
0.63818532 0.66028453 0.06554402
0.65196463 0.66082278 0.06252980
0.66574395 0.66136104 0.05951557
0.67952327 0.66189929 0.05650135
0.69330258 0.66243754 0.05348712
0.70708190 0.66297580 0.05047290
0.72086121 0.66351405 0.04745867
0.73464053 0.66405231 0.04444444
0.74841984 0.66459056 0.04143022
0.76219916 0.66512882 0.03841599
0.77597848 0.66566707 0.03540177
0.78975779 0.66620533 0.03238754
0.80353711 0.66674358 0.02937332
0.81731642 0.66728183 0.02635909
0.83109574 0.66782009 0.02334487
0.84487505 0.66835834 0.02033064
0.85865437 0.66889660 0.01731642
0.87243369 0.66943485 0.01430219
0.88621300 0.66997311 0.01128797
0.89999232 0.67051136 0.00827374
0.89605537 0.66569783 0.01033449
0.88916571 0.65999233 0.01324106
0.88227605 0.65428683 0.01614764
0.87538640 0.64858133 0.01905421
0.86849674 0.64287583 0.02196078
0.86160708 0.63717034 0.02486736
0.85471743 0.63146484 0.02777393
0.84782777 0.62575934 0.03068051
0.84093811 0.62005384 0.03358708
0.83404845 0.61434834 0.03649366
0.82715880 0.60864284 0.03940023
0.82026914 0.60293735 0.04230681
0.81337948 0.59723185 0.04521338
0.80648982 0.59152635 0.04811995
0.79960017 0.58582085 0.05102653
0.79271051 0.58011535 0.05393310
0.78582085 0.57440985 0.05683968
0.77893119 0.56870436 0.05974625
0.77204154 0.56299886 0.06265283
0.76515188 0.55729336 0.06555940
0.75826222 0.55158786 0.06846598
0.75137256 0.54588236 0.07137255
0.74448291 0.54017686 0.07427912
0.73759325 0.53447137 0.07718570
0.73070359 0.52876587 0.08009227
0.72381393 0.52306037 0.08299885
0.71692428 0.51735487 0.08590542
0.71003462 0.51164937 0.08881200
0.70314496 0.50594387 0.09171857
0.69625530 0.50023838 0.09462514
0.68936565 0.49453288 0.09753172
0.68247599 0.48882738 0.10043829
0.67558633 0.48312188 0.10334487
0.66869667 0.47741638 0.10625144
0.66180702 0.47171088 0.10915802
0.65491736 0.46600539 0.11206459
0.64802770 0.46200692 0.11709343
0.64113804 0.46028451 0.12495194
0.63424839 0.45856209 0.13281046
0.62735873 0.45683968 0.14066897
0.62046907 0.45511727 0.14852749
0.61357941 0.45339485 0.15638601
0.60668975 0.45167244 0.16424452
0.59980009 0.44995002 0.17210304
0.59291044 0.44822761 0.17996156
0.58602078 0.44650519 0.18782007
0.57913112 0.44478278 0.19567859
0.57224146 0.44306036 0.20353710
0.56535180 0.44133795 0.21139562
0.55846215 0.43961554 0.21925414
0.55157249 0.43789312 0.22711265
0.54468283 0.43617071 0.23497117
0.53779317 0.43444829 0.24282968
0.53090351 0.43272588 0.25068820
0.52401385 0.43100346 0.25854672
0.51712420 0.42928105 0.26640523
0.51023454 0.42755864 0.27426375
0.50334488 0.42583622 0.28212226
0.49645522 0.42411381 0.28998078
0.48956556 0.42239139 0.29783930
0.48267590 0.42066898 0.30569781
0.47578625 0.41894656 0.31355633
0.46889659 0.41722415 0.32141484
0.46200693 0.41550174 0.32927336
0.45511727 0.41377932 0.33713188
0.44822761 0.41205691 0.34499039
0.44133796 0.41033449 0.35284891
0.43444830 0.40861208 0.36070743
0.42755864 0.40688966 0.36856594
0.42066898 0.40516725 0.37642446
0.41377932 0.40344483 0.38428297
0.40688966 0.40172242 0.39214149
0.40000001 0.40000001 0.40000001
