1.00000000 1.00000000 1.00000000
0.99633987 0.99633987 0.99633987
0.99267974 0.99267974 0.99267974
0.98901961 0.98901961 0.98901961
0.98535948 0.98535948 0.98535948
0.98169935 0.98169935 0.98169935
0.97803922 0.97803922 0.97803922
0.97437909 0.97437909 0.97437909
0.96888889 0.96888889 0.96888889
0.96313726 0.96313726 0.96313726
0.95947713 0.95947713 0.95947713
0.95581700 0.95581700 0.95581700
0.95215687 0.95215687 0.95215687
0.94849674 0.94849674 0.94849674
0.94483661 0.94483661 0.94483661
0.94117647 0.94117647 0.94117647
0.93751635 0.93751635 0.93751635
0.93385622 0.93385622 0.93385622
0.93019609 0.93019609 0.93019609
0.92653595 0.92653595 0.92653595
0.92287582 0.92287582 0.92287582
0.91921569 0.91921569 0.91921569
0.91555556 0.91555556 0.91555556
0.91189543 0.91189543 0.91189543
0.90666668 0.90666668 0.90666668
0.90065360 0.90065360 0.90065360
0.89699347 0.89699347 0.89699347
0.89333334 0.89333334 0.89333334
0.88967321 0.88967321 0.88967321
0.88601308 0.88601308 0.88601308
0.88235295 0.88235295 0.88235295
0.87869282 0.87869282 0.87869282
0.87503269 0.87503269 0.87503269
0.87137256 0.87137256 0.87137256
0.86771243 0.86771243 0.86771243
0.86405230 0.86405230 0.86405230
0.86039217 0.86039217 0.86039217
0.85673204 0.85673204 0.85673204
0.85307191 0.85307191 0.85307191
0.84941178 0.84941178 0.84941178
0.84444446 0.84444446 0.84444446
0.83816995 0.83816995 0.83816995
0.83450982 0.83450982 0.83450982
0.83084969 0.83084969 0.83084969
0.82718956 0.82718956 0.82718956
0.82352943 0.82352943 0.82352943
0.81986930 0.81986930 0.81986930
0.81620916 0.81620916 0.81620916
0.81254903 0.81254903 0.81254903
0.80888890 0.80888890 0.80888890
0.80522877 0.80522877 0.80522877
0.80156864 0.80156864 0.80156864
0.79790851 0.79790851 0.79790851
0.79424838 0.79424838 0.79424838
0.79058825 0.79058825 0.79058825
0.78692812 0.78692812 0.78692812
0.78222224 0.78222224 0.78222224
0.77568629 0.77568629 0.77568629
0.77202616 0.77202616 0.77202616
0.76836603 0.76836603 0.76836603
0.76470590 0.76470590 0.76470590
0.76104577 0.76104577 0.76104577
0.75738564 0.75738564 0.75738564
0.75372551 0.75372551 0.75372551
0.75006538 0.75006538 0.75006538
0.74640526 0.74640526 0.74640526
0.74274513 0.74274513 0.74274513
0.73908500 0.73908500 0.73908500
0.73542487 0.73542487 0.73542487
0.73176473 0.73176473 0.73176473
0.72810460 0.72810460 0.72810460
0.72444447 0.72444447 0.72444447
0.72000004 0.72000004 0.72000004
0.71320264 0.71320264 0.71320264
0.70954251 0.70954251 0.70954251
0.70588238 0.70588238 0.70588238
0.70222225 0.70222225 0.70222225
0.69856212 0.69856212 0.69856212
0.69490199 0.69490199 0.69490199
0.69124186 0.69124186 0.69124186
0.68758173 0.68758173 0.68758173
0.68392160 0.68392160 0.68392160
0.68026147 0.68026147 0.68026147
0.67660134 0.67660134 0.67660134
0.67294121 0.67294121 0.67294121
0.66928107 0.66928107 0.66928107
0.66562094 0.66562094 0.66562094
0.66196081 0.66196081 0.66196081
0.65777782 0.65777782 0.65777782
0.65071898 0.65071898 0.65071898
0.64705885 0.64705885 0.64705885
0.64339872 0.64339872 0.64339872
0.63973859 0.63973859 0.63973859
0.63607846 0.63607846 0.63607846
0.63241833 0.63241833 0.63241833
0.62875820 0.62875820 0.62875820
0.62509807 0.62509807 0.62509807
0.62143794 0.62143794 0.62143794
0.61777781 0.61777781 0.61777781
0.61411768 0.61411768 0.61411768
0.61045755 0.61045755 0.61045755
0.60679741 0.60679741 0.60679741
0.60313728 0.60313728 0.60313728
0.59947715 0.59947715 0.59947715
0.59555559 0.59555559 0.59555559
0.58823533 0.58823533 0.58823533
0.58457519 0.58457519 0.58457519
0.58091506 0.58091506 0.58091506
0.57725493 0.57725493 0.57725493
0.57359480 0.57359480 0.57359480
0.56993467 0.56993467 0.56993467
0.56627454 0.56627454 0.56627454
0.56261441 0.56261441 0.56261441
0.55895428 0.55895428 0.55895428
0.55529415 0.55529415 0.55529415
0.55163402 0.55163402 0.55163402
0.54797389 0.54797389 0.54797389
0.54431375 0.54431375 0.54431375
0.54065362 0.54065362 0.54065362
0.53699349 0.53699349 0.53699349
0.53333336 0.53333336 0.53333336
0.52601310 0.52601310 0.52601310
0.52209153 0.52209153 0.52209153
0.51843140 0.51843140 0.51843140
0.51477127 0.51477127 0.51477127
0.51111114 0.51111114 0.51111114
0.50745101 0.50745101 0.50745101
0.50379088 0.50379088 0.50379088
0.50013075 0.50013075 0.50013075
0.49647060 0.49647060 0.49647060
0.49281047 0.49281047 0.49281047
0.48915035 0.48915035 0.48915035
0.48549020 0.48549020 0.48549020
0.48183009 0.48183009 0.48183009
0.47816994 0.47816994 0.47816994
0.47450983 0.47450983 0.47450983
0.47084967 0.47084967 0.47084967
0.46379090 0.46379090 0.46379090
0.45960785 0.45960785 0.45960785
0.45594773 0.45594773 0.45594773
0.45228759 0.45228759 0.45228759
0.44862747 0.44862747 0.44862747
0.44496733 0.44496733 0.44496733
0.44130720 0.44130720 0.44130720
0.43764708 0.43764708 0.43764708
0.43398694 0.43398694 0.43398694
0.43032682 0.43032682 0.43032682
0.42666667 0.42666667 0.42666667
0.42300656 0.42300656 0.42300656
0.41934641 0.41934641 0.41934641
0.41568630 0.41568630 0.41568630
0.41202615 0.41202615 0.41202615
0.40836604 0.40836604 0.40836604
0.40156863 0.40156863 0.40156863
0.39712420 0.39712420 0.39712420
0.39346406 0.39346406 0.39346406
0.38980394 0.38980394 0.38980394
0.38614380 0.38614380 0.38614380
0.38248367 0.38248367 0.38248367
0.37882355 0.37882355 0.37882355
0.37516341 0.37516341 0.37516341
0.37150329 0.37150329 0.37150329
0.36784314 0.36784314 0.36784314
0.36418303 0.36418303 0.36418303
0.36052288 0.36052288 0.36052288
0.35686277 0.35686277 0.35686277
0.35320262 0.35320262 0.35320262
0.34954251 0.34954251 0.34954251
0.34588236 0.34588236 0.34588236
0.33934644 0.33934644 0.33934644
0.33464053 0.33464053 0.33464053
0.33098041 0.33098041 0.33098041
0.32732028 0.32732028 0.32732028
0.32366014 0.32366014 0.32366014
0.32000002 0.32000002 0.32000002
0.31633988 0.31633988 0.31633988
0.31267976 0.31267976 0.31267976
0.30901961 0.30901961 0.30901961
0.30535950 0.30535950 0.30535950
0.30169935 0.30169935 0.30169935
0.29803924 0.29803924 0.29803924
0.29437909 0.29437909 0.29437909
0.29071898 0.29071898 0.29071898
0.28705883 0.28705883 0.28705883
0.28339871 0.28339871 0.28339871
0.27712419 0.27712419 0.27712419
0.27215688 0.27215688 0.27215688
0.26849675 0.26849675 0.26849675
0.26483662 0.26483662 0.26483662
0.26117649 0.26117649 0.26117649
0.25751635 0.25751635 0.25751635
0.25385623 0.25385623 0.25385623
0.25019608 0.25019608 0.25019608
0.24653596 0.24653596 0.24653596
0.24287580 0.24287580 0.24287580
0.23921570 0.23921570 0.23921570
0.23555554 0.23555554 0.23555554
0.23189543 0.23189543 0.23189543
0.22823529 0.22823529 0.22823529
0.22457517 0.22457517 0.22457517
0.22091503 0.22091503 0.22091503
0.21490196 0.21490196 0.21490196
0.20967320 0.20967320 0.20967320
0.20601307 0.20601307 0.20601307
0.20235294 0.20235294 0.20235294
0.19869281 0.19869281 0.19869281
0.19503269 0.19503269 0.19503269
0.19137254 0.19137254 0.19137254
0.18771243 0.18771243 0.18771243
0.18405228 0.18405228 0.18405228
0.18039217 0.18039217 0.18039217
0.17673201 0.17673201 0.17673201
0.17307191 0.17307191 0.17307191
0.16941176 0.16941176 0.16941176
0.16575164 0.16575164 0.16575164
0.16209150 0.16209150 0.16209150
0.15843138 0.15843138 0.15843138
0.15267973 0.15267973 0.15267973
0.14718954 0.14718954 0.14718954
0.14352941 0.14352941 0.14352941
0.13986928 0.13986928 0.13986928
0.13620916 0.13620916 0.13620916
0.13254901 0.13254901 0.13254901
0.12888890 0.12888890 0.12888890
0.12522875 0.12522875 0.12522875
0.12156863 0.12156863 0.12156863
0.11790848 0.11790848 0.11790848
0.11424837 0.11424837 0.11424837
0.11058822 0.11058822 0.11058822
0.10692810 0.10692810 0.10692810
0.10326796 0.10326796 0.10326796
0.09960784 0.09960784 0.09960784
0.09594770 0.09594770 0.09594770
0.09045750 0.09045750 0.09045750
0.08470588 0.08470588 0.08470588
0.08104574 0.08104574 0.08104574
0.07738562 0.07738562 0.07738562
0.07372547 0.07372547 0.07372547
0.07006536 0.07006536 0.07006536
0.06640521 0.06640521 0.06640521
0.06274511 0.06274511 0.06274511
0.05908494 0.05908494 0.05908494
0.05542484 0.05542484 0.05542484
0.05176469 0.05176469 0.05176469
0.04810457 0.04810457 0.04810457
0.04444443 0.04444443 0.04444443
0.04078431 0.04078431 0.04078431
0.03712417 0.03712417 0.03712417
0.03346404 0.03346404 0.03346404
0.02823528 0.02823528 0.02823528
0.02222221 0.02222221 0.02222221
0.01856209 0.01856209 0.01856209
0.01490194 0.01490194 0.01490194
0.01124183 0.01124183 0.01124183
0.00758167 0.00758167 0.00758167
0.00392157 0.00392157 0.00392157
