0.00000000 0.00000000 0.00000000
0.00366013 0.00366013 0.00366013
0.00732026 0.00732026 0.00732026
0.01098039 0.01098039 0.01098039
0.01464052 0.01464052 0.01464052
0.01830065 0.01830065 0.01830065
0.02196078 0.02196078 0.02196078
0.02562092 0.02562092 0.02562092
0.03111111 0.03111111 0.03111111
0.03686275 0.03686275 0.03686275
0.04052288 0.04052288 0.04052288
0.04418301 0.04418301 0.04418301
0.04784314 0.04784314 0.04784314
0.05150327 0.05150327 0.05150327
0.05516340 0.05516340 0.05516340
0.05882353 0.05882353 0.05882353
0.06248366 0.06248366 0.06248366
0.06614379 0.06614379 0.06614379
0.06980392 0.06980392 0.06980392
0.07346405 0.07346405 0.07346405
0.07712418 0.07712418 0.07712418
0.08078431 0.08078431 0.08078431
0.08444444 0.08444444 0.08444444
0.08810458 0.08810458 0.08810458
0.09333333 0.09333333 0.09333333
0.09934641 0.09934641 0.09934641
0.10300654 0.10300654 0.10300654
0.10666667 0.10666667 0.10666667
0.11032680 0.11032680 0.11032680
0.11398693 0.11398693 0.11398693
0.11764706 0.11764706 0.11764706
0.12130719 0.12130719 0.12130719
0.12496732 0.12496732 0.12496732
0.12862745 0.12862745 0.12862745
0.13228758 0.13228758 0.13228758
0.13594771 0.13594771 0.13594771
0.13960784 0.13960784 0.13960784
0.14326797 0.14326797 0.14326797
0.14692811 0.14692811 0.14692811
0.15058824 0.15058824 0.15058824
0.15555555 0.15555555 0.15555555
0.16183007 0.16183007 0.16183007
0.16549020 0.16549020 0.16549020
0.16915033 0.16915033 0.16915033
0.17281046 0.17281046 0.17281046
0.17647059 0.17647059 0.17647059
0.18013072 0.18013072 0.18013072
0.18379085 0.18379085 0.18379085
0.18745098 0.18745098 0.18745098
0.19111111 0.19111111 0.19111111
0.19477124 0.19477124 0.19477124
0.19843137 0.19843137 0.19843137
0.20209150 0.20209150 0.20209150
0.20575163 0.20575163 0.20575163
0.20941176 0.20941176 0.20941176
0.21307190 0.21307190 0.21307190
0.21777778 0.21777778 0.21777778
0.22431373 0.22431373 0.22431373
0.22797386 0.22797386 0.22797386
0.23163399 0.23163399 0.23163399
0.23529412 0.23529412 0.23529412
0.23895425 0.23895425 0.23895425
0.24261438 0.24261438 0.24261438
0.24627451 0.24627451 0.24627451
0.24993464 0.24993464 0.24993464
0.25359477 0.25359477 0.25359477
0.25725490 0.25725490 0.25725490
0.26091503 0.26091503 0.26091503
0.26457516 0.26457516 0.26457516
0.26823530 0.26823530 0.26823530
0.27189543 0.27189543 0.27189543
0.27555556 0.27555556 0.27555556
0.27999999 0.27999999 0.27999999
0.28679739 0.28679739 0.28679739
0.29045752 0.29045752 0.29045752
0.29411765 0.29411765 0.29411765
0.29777778 0.29777778 0.29777778
0.30143791 0.30143791 0.30143791
0.30509804 0.30509804 0.30509804
0.30875817 0.30875817 0.30875817
0.31241830 0.31241830 0.31241830
0.31607843 0.31607843 0.31607843
0.31973856 0.31973856 0.31973856
0.32339869 0.32339869 0.32339869
0.32705882 0.32705882 0.32705882
0.33071896 0.33071896 0.33071896
0.33437909 0.33437909 0.33437909
0.33803922 0.33803922 0.33803922
0.34222221 0.34222221 0.34222221
0.34928105 0.34928105 0.34928105
0.35294118 0.35294118 0.35294118
0.35660131 0.35660131 0.35660131
0.36026144 0.36026144 0.36026144
0.36392157 0.36392157 0.36392157
0.36758170 0.36758170 0.36758170
0.37124183 0.37124183 0.37124183
0.37490196 0.37490196 0.37490196
0.37856209 0.37856209 0.37856209
0.38222222 0.38222222 0.38222222
0.38588235 0.38588235 0.38588235
0.38954248 0.38954248 0.38954248
0.39320261 0.39320261 0.39320261
0.39686275 0.39686275 0.39686275
0.40052288 0.40052288 0.40052288
0.40444444 0.40444444 0.40444444
0.41176470 0.41176470 0.41176470
0.41542484 0.41542484 0.41542484
0.41908497 0.41908497 0.41908497
0.42274510 0.42274510 0.42274510
0.42640523 0.42640523 0.42640523
0.43006536 0.43006536 0.43006536
0.43372549 0.43372549 0.43372549
0.43738562 0.43738562 0.43738562
0.44104575 0.44104575 0.44104575
0.44470588 0.44470588 0.44470588
0.44836601 0.44836601 0.44836601
0.45202614 0.45202614 0.45202614
0.45568627 0.45568627 0.45568627
0.45934641 0.45934641 0.45934641
0.46300654 0.46300654 0.46300654
0.46666667 0.46666667 0.46666667
0.47398693 0.47398693 0.47398693
0.47790850 0.47790850 0.47790850
0.48156863 0.48156863 0.48156863
0.48522876 0.48522876 0.48522876
0.48888889 0.48888889 0.48888889
0.49254902 0.49254902 0.49254902
0.49620915 0.49620915 0.49620915
0.49986928 0.49986928 0.49986928
0.50352942 0.50352942 0.50352942
0.50718956 0.50718956 0.50718956
0.51084968 0.51084968 0.51084968
0.51450983 0.51450983 0.51450983
0.51816994 0.51816994 0.51816994
0.52183009 0.52183009 0.52183009
0.52549020 0.52549020 0.52549020
0.52915035 0.52915035 0.52915035
0.53620913 0.53620913 0.53620913
0.54039218 0.54039218 0.54039218
0.54405230 0.54405230 0.54405230
0.54771244 0.54771244 0.54771244
0.55137256 0.55137256 0.55137256
0.55503270 0.55503270 0.55503270
0.55869283 0.55869283 0.55869283
0.56235295 0.56235295 0.56235295
0.56601309 0.56601309 0.56601309
0.56967321 0.56967321 0.56967321
0.57333336 0.57333336 0.57333336
0.57699347 0.57699347 0.57699347
0.58065362 0.58065362 0.58065362
0.58431373 0.58431373 0.58431373
0.58797388 0.58797388 0.58797388
0.59163399 0.59163399 0.59163399
0.59843140 0.59843140 0.59843140
0.60287583 0.60287583 0.60287583
0.60653597 0.60653597 0.60653597
0.61019609 0.61019609 0.61019609
0.61385623 0.61385623 0.61385623
0.61751636 0.61751636 0.61751636
0.62117648 0.62117648 0.62117648
0.62483662 0.62483662 0.62483662
0.62849674 0.62849674 0.62849674
0.63215689 0.63215689 0.63215689
0.63581700 0.63581700 0.63581700
0.63947715 0.63947715 0.63947715
0.64313726 0.64313726 0.64313726
0.64679741 0.64679741 0.64679741
0.65045752 0.65045752 0.65045752
0.65411767 0.65411767 0.65411767
0.66065359 0.66065359 0.66065359
0.66535950 0.66535950 0.66535950
0.66901962 0.66901962 0.66901962
0.67267975 0.67267975 0.67267975
0.67633989 0.67633989 0.67633989
0.68000001 0.68000001 0.68000001
0.68366015 0.68366015 0.68366015
0.68732027 0.68732027 0.68732027
0.69098042 0.69098042 0.69098042
0.69464053 0.69464053 0.69464053
0.69830068 0.69830068 0.69830068
0.70196079 0.70196079 0.70196079
0.70562094 0.70562094 0.70562094
0.70928105 0.70928105 0.70928105
0.71294120 0.71294120 0.71294120
0.71660132 0.71660132 0.71660132
0.72287584 0.72287584 0.72287584
0.72784315 0.72784315 0.72784315
0.73150328 0.73150328 0.73150328
0.73516341 0.73516341 0.73516341
0.73882354 0.73882354 0.73882354
0.74248368 0.74248368 0.74248368
0.74614380 0.74614380 0.74614380
0.74980394 0.74980394 0.74980394
0.75346406 0.75346406 0.75346406
0.75712421 0.75712421 0.75712421
0.76078431 0.76078431 0.76078431
0.76444447 0.76444447 0.76444447
0.76810458 0.76810458 0.76810458
0.77176473 0.77176473 0.77176473
0.77542485 0.77542485 0.77542485
0.77908499 0.77908499 0.77908499
0.78509805 0.78509805 0.78509805
0.79032681 0.79032681 0.79032681
0.79398694 0.79398694 0.79398694
0.79764707 0.79764707 0.79764707
0.80130721 0.80130721 0.80130721
0.80496733 0.80496733 0.80496733
0.80862747 0.80862747 0.80862747
0.81228759 0.81228759 0.81228759
0.81594774 0.81594774 0.81594774
0.81960784 0.81960784 0.81960784
0.82326800 0.82326800 0.82326800
0.82692811 0.82692811 0.82692811
0.83058826 0.83058826 0.83058826
0.83424837 0.83424837 0.83424837
0.83790852 0.83790852 0.83790852
0.84156864 0.84156864 0.84156864
0.84732028 0.84732028 0.84732028
0.85281047 0.85281047 0.85281047
0.85647060 0.85647060 0.85647060
0.86013074 0.86013074 0.86013074
0.86379086 0.86379086 0.86379086
0.86745100 0.86745100 0.86745100
0.87111112 0.87111112 0.87111112
0.87477127 0.87477127 0.87477127
0.87843137 0.87843137 0.87843137
0.88209153 0.88209153 0.88209153
0.88575164 0.88575164 0.88575164
0.88941179 0.88941179 0.88941179
0.89307190 0.89307190 0.89307190
0.89673205 0.89673205 0.89673205
0.90039217 0.90039217 0.90039217
0.90405230 0.90405230 0.90405230
0.90954251 0.90954251 0.90954251
0.91529413 0.91529413 0.91529413
0.91895427 0.91895427 0.91895427
0.92261439 0.92261439 0.92261439
0.92627453 0.92627453 0.92627453
0.92993464 0.92993464 0.92993464
0.93359480 0.93359480 0.93359480
0.93725490 0.93725490 0.93725490
0.94091506 0.94091506 0.94091506
0.94457517 0.94457517 0.94457517
0.94823532 0.94823532 0.94823532
0.95189543 0.95189543 0.95189543
0.95555557 0.95555557 0.95555557
0.95921570 0.95921570 0.95921570
0.96287583 0.96287583 0.96287583
0.96653596 0.96653596 0.96653596
0.97176473 0.97176473 0.97176473
0.97777780 0.97777780 0.97777780
0.98143792 0.98143792 0.98143792
0.98509806 0.98509806 0.98509806
0.98875817 0.98875817 0.98875817
0.99241833 0.99241833 0.99241833
0.99607843 0.99607843 0.99607843
