0.00000000 0.00000000 0.00000000
0.06588235 0.00366013 0.00366013
0.13176471 0.00732026 0.01071895
0.19764706 0.01098039 0.01803922
0.26352941 0.01464052 0.02535948
0.32941176 0.01830065 0.03267974
0.39529412 0.02196078 0.04000000
0.46326797 0.02562092 0.04732026
0.53098039 0.02928105 0.05464052
0.59686274 0.03294118 0.06196078
0.68627448 0.03790850 0.07189542
0.79921568 0.04418301 0.08444444
0.86509803 0.04784314 0.09176471
0.93150326 0.05150327 0.09908497
0.99477124 0.05516340 0.10640523
0.97647059 0.05882353 0.11372549
0.95816995 0.06248366 0.12104575
0.93986930 0.06614379 0.12836601
0.92156865 0.06980392 0.13568628
0.90326799 0.07346405 0.14300654
0.88235296 0.07712418 0.15032680
0.86274512 0.08078431 0.15764706
0.84444446 0.08444444 0.16496732
0.82614381 0.08810458 0.17228758
0.80784316 0.09176471 0.17960784
0.78823532 0.09542484 0.18692811
0.76732028 0.09908497 0.19424837
0.74901963 0.10274510 0.20156863
0.73071897 0.10640523 0.20888889
0.71241832 0.11006536 0.21620915
0.69411767 0.11372549 0.22352941
0.67581701 0.11738562 0.23084967
0.63712427 0.12444444 0.24496730
0.61568633 0.12862745 0.25333333
0.59738568 0.13228758 0.26065360
0.57908502 0.13594771 0.26797386
0.55843144 0.13960784 0.27529412
0.53856215 0.14326797 0.28261438
0.52026149 0.14692811 0.28993464
0.50196083 0.15058824 0.29725490
0.48366016 0.15424837 0.30457516
0.46535950 0.15790850 0.31189543
0.44627454 0.16156863 0.31921569
0.42483663 0.16522876 0.32653595
0.40653597 0.16888889 0.33385621
0.38823532 0.17254902 0.34117647
0.36993467 0.17620915 0.34849673
0.35163401 0.17986928 0.35581699
0.33019611 0.18352941 0.36313726
0.31111114 0.18718954 0.37045752
0.29281048 0.19084967 0.37777778
0.27450983 0.19450980 0.38509804
0.25620917 0.19816994 0.39241830
0.22692813 0.20366013 0.40339869
0.19607845 0.20941176 0.41490196
0.17777779 0.21307190 0.42222222
0.15947714 0.21673203 0.42954248
0.14117648 0.22039216 0.43686275
0.12235296 0.22405229 0.44418301
0.10065360 0.22771242 0.45150327
0.08235295 0.23137255 0.45882353
0.06405229 0.23503268 0.46614379
0.04575164 0.23869281 0.47346405
0.02745098 0.24235294 0.48078431
0.19032622 0.24888888 0.49385617
0.25359477 0.25359477 0.50326797
0.25725490 0.25725490 0.51058824
0.26091503 0.26091503 0.51790850
0.26457516 0.26457516 0.52522876
0.26823530 0.26823530 0.53254902
0.27189543 0.27189543 0.53986928
0.27555556 0.27555556 0.54718954
0.27921569 0.27921569 0.55450981
0.28287582 0.28287582 0.56183007
0.28679737 0.28679737 0.56967318
0.29411764 0.29411764 0.58431370
0.29777778 0.29777778 0.59163399
0.30143791 0.30143791 0.59895425
0.30509804 0.30509804 0.60627451
0.30875817 0.30875817 0.61359477
0.31241830 0.31241830 0.62091503
0.31607843 0.31607843 0.62823530
0.31973856 0.31973856 0.63555556
0.32339869 0.32339869 0.64287582
0.32705882 0.32705882 0.65019608
0.33071896 0.33071896 0.65751634
0.33437909 0.33437909 0.66483660
0.33803922 0.33803922 0.67215686
0.34169935 0.34169935 0.67947713
0.34535948 0.34535948 0.68679739
0.34901961 0.34901961 0.69411765
0.35267974 0.35267974 0.70143791
0.35633987 0.35633987 0.70875817
0.36000000 0.36000000 0.71607843
0.36366013 0.36366013 0.72339869
0.36732026 0.36732026 0.73071896
0.37333333 0.37333333 0.74274509
0.37856209 0.37856209 0.75320262
0.38222222 0.38222222 0.76052288
0.38588235 0.38588235 0.76784314
0.38954248 0.38954248 0.77516340
0.39320261 0.39320261 0.78248366
0.39686275 0.39686275 0.78980392
0.40052288 0.40052288 0.79712418
0.40418301 0.40418301 0.80444445
0.40784314 0.40784314 0.81176471
0.41150327 0.41150327 0.81908497
0.41516340 0.41516340 0.82640523
0.41882353 0.41882353 0.83372549
0.42248366 0.42248366 0.84104575
0.42614379 0.42614379 0.84836601
0.42980392 0.42980392 0.85568628
0.43346405 0.43346405 0.86300654
0.43712418 0.43712418 0.87032680
0.44078431 0.44078431 0.87764706
0.44444445 0.44444445 0.88496732
0.44810458 0.44810458 0.89228758
0.45254902 0.45254902 0.90117647
0.45934641 0.45934641 0.91477124
0.46300654 0.46300654 0.92209150
0.46666667 0.46666667 0.92941177
0.47032680 0.47032680 0.93673203
0.47398693 0.47398693 0.94405229
0.47764706 0.47764706 0.95137255
0.48130719 0.48130719 0.95869281
0.48496732 0.48496732 0.96601307
0.48862745 0.48862745 0.97333333
0.49228758 0.49228758 0.98065360
0.49777777 0.49777777 0.99163394
0.50352942 0.50352942 0.99372556
0.50718956 0.50718956 0.97908500
0.51084968 0.51084968 0.96444453
0.51450983 0.51450983 0.94901963
0.51816994 0.51816994 0.93124193
0.52183009 0.52183009 0.91660131
0.52549020 0.52549020 0.90196089
0.52915035 0.52915035 0.88732027
0.53281046 0.53281046 0.86928116
0.53647061 0.53647061 0.85411767
0.54300653 0.54300653 0.82797401
0.54771244 0.54771244 0.80653599
0.55137256 0.55137256 0.79058830
0.55503270 0.55503270 0.77594777
0.55869283 0.55869283 0.76130724
0.56235295 0.56235295 0.74509812
0.56601309 0.56601309 0.72810461
0.56967321 0.56967321 0.71346413
0.57333336 0.57333336 0.69882355
0.57699347 0.57699347 0.68366025
0.58065362 0.58065362 0.66562092
0.58431373 0.58431373 0.65098050
0.58797388 0.58797388 0.63633988
0.59163399 0.59163399 0.62169944
0.59529414 0.59529414 0.60392159
0.59895426 0.59895426 0.58849682
0.60261440 0.60261440 0.57385625
0.60627452 0.60627452 0.55921575
0.60993466 0.60993466 0.54248372
0.61359479 0.61359479 0.52601313
0.61725491 0.61725491 0.51137262
0.62222224 0.62222224 0.49019612
0.62849674 0.62849674 0.46248371
0.63215689 0.63215689 0.44784313
0.63581700 0.63581700 0.43320268
0.63947715 0.63947715 0.41830063
0.64313726 0.64313726 0.40000010
0.64679741 0.64679741 0.38535946
0.65045752 0.65045752 0.37071902
0.65411767 0.65411767 0.35607843
0.65777779 0.65777779 0.33856216
0.66143793 0.66143793 0.32287583
0.66509805 0.66509805 0.30823533
0.66875819 0.66875819 0.29359480
0.67241832 0.67241832 0.27712421
0.67607844 0.67607844 0.26039220
0.67973858 0.67973858 0.24575164
0.68339870 0.68339870 0.23111115
0.68705885 0.68705885 0.21568625
0.69071896 0.69071896 0.19790855
0.69437911 0.69437911 0.18326794
0.69803922 0.69803922 0.16862752
0.70169937 0.70169937 0.15398689
0.70875816 0.70875816 0.12235305
0.71294120 0.71294120 0.10509801
0.71660132 0.71660132 0.09045755
0.72026146 0.72026146 0.07320260
0.72392158 0.72392158 0.05725492
0.72758172 0.72758172 0.04261438
0.73124185 0.73124185 0.02797386
0.73490197 0.73490197 0.01176472
0.73856211 0.73856211 0.00392158
0.74222223 0.74222223 0.01594769
0.74666670 0.74666670 0.03372556
0.75346406 0.75346406 0.06091499
0.75712421 0.75712421 0.07529416
0.76078431 0.76078431 0.08627447
0.76444447 0.76444447 0.10091509
0.76810458 0.76810458 0.11555552
0.77176473 0.77176473 0.13019612
0.77542485 0.77542485 0.14483659
0.77908499 0.77908499 0.15686277
0.78274511 0.78274511 0.17019608
0.78640524 0.78640524 0.18483662
0.79189544 0.79189544 0.20679742
0.79764707 0.79764707 0.22823530
0.80130721 0.80130721 0.24052291
0.80496733 0.80496733 0.25516340
0.80862747 0.80862747 0.26980398
0.81228759 0.81228759 0.28444443
0.81594774 0.81594774 0.29882359
0.81960784 0.81960784 0.30980390
0.82326800 0.82326800 0.32444452
0.82692811 0.82692811 0.33908495
0.83058826 0.83058826 0.35372555
0.83424837 0.83424837 0.36836601
0.83790852 0.83790852 0.38039219
0.84156864 0.84156864 0.39372551
0.84522877 0.84522877 0.40836604
0.84888890 0.84888890 0.42300657
0.85254903 0.85254903 0.43764708
0.85620917 0.85620917 0.45098043
0.85986929 0.85986929 0.46300654
0.86352943 0.86352943 0.47764712
0.86718955 0.86718955 0.49228757
0.87111116 0.87111116 0.50797404
0.87843137 0.87843137 0.53725488
0.88209153 0.88209153 0.54823538
0.88575164 0.88575164 0.56261440
0.88941179 0.88941179 0.57725499
0.89307190 0.89307190 0.59189546
0.89673205 0.89673205 0.60653602
0.90039217 0.90039217 0.61882357
0.90405230 0.90405230 0.63189549
0.90771243 0.90771243 0.64653601
0.91137256 0.91137256 0.66117652
0.91503270 0.91503270 0.67581707
0.91869282 0.91869282 0.68941179
0.92235296 0.92235296 0.70117656
0.92601308 0.92601308 0.71581701
0.92967323 0.92967323 0.73045762
0.93333333 0.93333333 0.74509804
0.93699349 0.93699349 0.75973867
0.94065360 0.94065360 0.77098041
0.94431375 0.94431375 0.78509813
0.94797386 0.94797386 0.79973859
0.95163401 0.95163401 0.81437916
0.95764708 0.95764708 0.83607851
0.96287583 0.96287583 0.85542490
0.96653596 0.96653596 0.87006542
0.97019609 0.97019609 0.88470593
0.97385623 0.97385623 0.89934648
0.97751635 0.97751635 0.91294120
0.98117649 0.98117649 0.92470597
0.98483661 0.98483661 0.93934642
0.98849676 0.98849676 0.95398703
0.99215686 0.99215686 0.96862745
