0.00000000 0.00000000 0.00000000
0.00366013 0.00000000 0.00000000
0.00732026 0.00000000 0.00000000
0.01411765 0.00000000 0.00000000
0.01856209 0.00000000 0.00000000
0.02483660 0.00000000 0.00000000
0.02980392 0.00000000 0.00000000
0.03555556 0.00000000 0.00000000
0.04104575 0.00000000 0.00000000
0.04627451 0.00000000 0.00000000
0.05359477 0.00000000 0.00000000
0.06091503 0.00000000 0.00000000
0.06745098 0.00000000 0.00000000
0.07163399 0.00000000 0.00000000
0.07869281 0.00000000 0.00000000
0.08235294 0.00000000 0.00000000
0.08967320 0.00000000 0.00000000
0.09359477 0.00000000 0.00000000
0.10039215 0.00000000 0.00000000
0.10483660 0.00000000 0.00000000
0.10849673 0.00000000 0.00000000
0.11450980 0.00000000 0.00000000
0.11973856 0.00000000 0.00000000
0.12522876 0.00000000 0.00000000
0.13098040 0.00000000 0.00000000
0.13594772 0.00000000 0.00000000
0.14222223 0.00000000 0.00000000
0.14666667 0.00000000 0.00000000
0.15346406 0.00000000 0.00000000
0.15738563 0.00000000 0.00000000
0.16470589 0.00000000 0.00000000
0.16836602 0.00000000 0.00000000
0.17882352 0.00000000 0.00000000
0.18352941 0.00000000 0.00000000
0.19006535 0.00000000 0.00000000
0.19477124 0.00000000 0.00000000
0.20078430 0.00000000 0.00000000
0.20601307 0.00000000 0.00000000
0.21150326 0.00000000 0.00000000
0.21725490 0.00000000 0.00000000
0.22091503 0.00000000 0.00000000
0.22562091 0.00000000 0.00000000
0.23215686 0.00000000 0.00000000
0.23633986 0.00000000 0.00000000
0.24339869 0.00000000 0.00000000
0.24705882 0.00000000 0.00000000
0.25437909 0.00000000 0.00000000
0.25830066 0.00000000 0.00000000
0.26509805 0.00000000 0.00000000
0.26954249 0.00000000 0.00000000
0.27320262 0.00000000 0.00000000
0.27921569 0.00000000 0.00000000
0.28444445 0.00000000 0.00000000
0.29176471 0.00000000 0.00000000
0.30117648 0.00000000 0.00000000
0.30718955 0.00000000 0.00000000
0.31189543 0.00000000 0.00000000
0.31843138 0.00000000 0.00000000
0.32261439 0.00000000 0.00000000
0.32967321 0.00000000 0.00000000
0.33333334 0.00000000 0.00000000
0.33699347 0.00000000 0.00000000
0.34405230 0.00000000 0.00000000
0.34823530 0.00000000 0.00000000
0.35764704 0.00000000 0.00000000
0.36601305 0.00000000 0.00000000
0.37098039 0.00000000 0.00000000
0.37673201 0.00000000 0.00000000
0.38222222 0.00000000 0.00000000
0.38588235 0.00000000 0.00000000
0.39084965 0.00000000 0.00000000
0.39712418 0.00000000 0.00000000
0.40156861 0.00000000 0.00000000
0.40836601 0.00000000 0.00000000
0.41254899 0.00000000 0.00000000
0.42352938 0.00000000 0.00000000
0.43084965 0.00000000 0.00000000
0.43477123 0.00000000 0.00000000
0.44156861 0.00000000 0.00000000
0.44601306 0.00000000 0.00000000
0.44967320 0.00000000 0.00000000
0.45568626 0.00000000 0.00000000
0.46091503 0.00000000 0.00000000
0.46640521 0.00000000 0.00000000
0.47215685 0.00000000 0.00000000
0.47712417 0.00000000 0.00000000
0.48339868 0.00000000 0.00000000
0.48784312 0.00000000 0.00000000
0.49464051 0.00000000 0.00000000
0.49830065 0.00000000 0.00000000
0.50196081 0.00000000 0.00000000
0.50928106 0.00000000 0.00000000
0.51320264 0.00000000 0.00000000
0.52000001 0.00000000 0.00000000
0.52444447 0.00000000 0.00000000
0.53071897 0.00000000 0.00000000
0.54039216 0.00000000 0.00000000
0.54718956 0.00000000 0.00000000
0.55084969 0.00000000 0.00000000
0.55607845 0.00000000 0.00000000
0.56209152 0.00000000 0.00000000
0.56679740 0.00000000 0.00000000
0.57333335 0.00000000 0.00000000
0.57751635 0.00000000 0.00000000
0.58457518 0.00000000 0.00000000
0.58823531 0.00000000 0.00000000
0.59555557 0.00000000 0.00000000
0.59947714 0.00000000 0.00000000
0.60627452 0.00000000 0.00000000
0.61071897 0.00000000 0.00000000
0.61437910 0.00000000 0.00000000
0.62039217 0.00000000 0.00000000
0.62562093 0.00000000 0.00000000
0.63111113 0.00000000 0.00000000
0.63686276 0.00000000 0.00000000
0.64183008 0.00000000 0.00000000
0.64810459 0.00000000 0.00000000
0.65333335 0.00000000 0.00000000
0.66326799 0.00000000 0.00000000
0.66718956 0.00000000 0.00000000
0.67450982 0.00000000 0.00000000
0.67816995 0.00000000 0.00000000
0.68522877 0.00339869 0.00000000
0.68941178 0.01019608 0.00000000
0.69594773 0.01751634 0.00000000
0.70065361 0.02483660 0.00000000
0.70666668 0.03215686 0.00000000
0.71189544 0.03947713 0.00000000
0.71921566 0.05045747 0.00000000
0.72705882 0.06196075 0.00000000
0.73202614 0.06797385 0.00000000
0.73830065 0.07267970 0.00000000
0.74274510 0.07999999 0.00000000
0.74954248 0.08732022 0.00000000
0.75346407 0.09464052 0.00000000
0.76078428 0.10196073 0.00000000
0.76444446 0.10928105 0.00000000
0.77150324 0.11660126 0.00000000
0.77568628 0.12392157 0.00000000
0.78509800 0.13411760 0.00000000
0.79084968 0.14248365 0.00000000
0.79686273 0.14980390 0.00000000
0.80209151 0.15712417 0.00000000
0.80758169 0.16444443 0.00000000
0.81333333 0.17176468 0.00000000
0.81830065 0.17908496 0.00000000
0.82457516 0.18640520 0.00000000
0.82823530 0.19372549 0.00000000
0.83241827 0.20052286 0.00000000
0.83947714 0.20444445 0.00000000
0.84313724 0.21176466 0.00000000
0.85045753 0.21908498 0.00000000
0.85437907 0.22640519 0.00000000
0.86117648 0.23372549 0.00000000
0.86562091 0.24104572 0.00000000
0.87189543 0.24836602 0.00000000
0.87686274 0.25568627 0.00000000
0.88261437 0.26300654 0.00000000
0.88810458 0.26849674 0.00000000
0.89176470 0.27372548 0.00000000
0.89803922 0.28366013 0.00000000
0.90797384 0.29620914 0.00000000
0.91450981 0.30352943 0.00000000
0.91869278 0.31084965 0.00000000
0.92575164 0.31816996 0.00000000
0.92941175 0.32549017 0.00000000
0.93673204 0.33281048 0.00000000
0.94065358 0.33673202 0.00000000
0.94431373 0.34352943 0.00000000
0.95084965 0.35084966 0.00000000
0.95555556 0.35816994 0.00000000
0.96156862 0.36549019 0.00000000
0.96679738 0.37281046 0.00000000
0.97228758 0.38013072 0.00000000
0.97803921 0.38745097 0.00000000
0.98300654 0.39477125 0.00000000
0.98928104 0.40104575 0.00000000
0.99372550 0.40549021 0.00000000
1.00000000 0.41281044 0.00000000
1.00000000 0.42013074 0.00000000
1.00000000 0.42745095 0.00000000
1.00000000 0.43477127 0.00000000
1.00000000 0.44888884 0.00000000
1.00000000 0.45725492 0.00000000
1.00000000 0.46457515 0.00000000
1.00000000 0.46928105 0.00000000
1.00000000 0.47529411 0.00000000
1.00000000 0.48261438 0.00000000
1.00000000 0.48993464 0.00000000
1.00000000 0.49725491 0.00000000
1.00000000 0.50457520 0.00000000
1.00000000 0.51189544 0.00000000
1.00000000 0.52078438 0.00549026
1.00000000 0.53385623 0.02954244
1.00000000 0.53777783 0.04418306
1.00000000 0.54509804 0.05882348
1.00000000 0.55241835 0.07346411
1.00000000 0.55973857 0.08810454
1.00000000 0.56705887 0.10274514
1.00000000 0.57437910 0.11738560
1.00000000 0.58169938 0.13202617
1.00000000 0.58901963 0.14666667
1.00000000 0.59633990 0.16130721
1.00000000 0.60549023 0.18326801
1.00000000 0.61490198 0.20470589
1.00000000 0.62222226 0.21699350
1.00000000 0.62954250 0.23163397
1.00000000 0.63686279 0.24627456
1.00000000 0.64418301 0.26091502
1.00000000 0.65150332 0.27555563
1.00000000 0.65882353 0.29019605
1.00000000 0.66614384 0.30483668
1.00000000 0.67006537 0.31947711
1.00000000 0.67686279 0.33411771
1.00000000 0.68418302 0.34875817
1.00000000 0.69150331 0.36339874
1.00000000 0.69882355 0.37803923
1.00000000 0.70614382 0.39267977
1.00000000 0.71346408 0.40549022
1.00000000 0.72078434 0.41803923
1.00000000 0.72810461 0.43267979
1.00000000 0.73437910 0.44732026
1.00000000 0.73882358 0.46196085
1.00000000 0.74614380 0.47660130
1.00000000 0.75398702 0.49228774
1.00000000 0.76862744 0.52156860
1.00000000 0.77594777 0.53620926
1.00000000 0.78326798 0.55084969
1.00000000 0.79058828 0.56549029
1.00000000 0.79790851 0.58013075
1.00000000 0.80261440 0.59477132
1.00000000 0.80862747 0.60705886
1.00000000 0.81594774 0.62013078
1.00000000 0.82326800 0.63477130
1.00000000 0.83058826 0.64941181
1.00000000 0.83790853 0.66405236
1.00000000 0.84522877 0.67869284
1.00000000 0.85254907 0.69333342
1.00000000 0.85986929 0.70797387
1.00000000 0.86692813 0.72261449
1.00000000 0.87058824 0.73725490
1.00000000 0.87790855 0.75189553
1.00000000 0.88522877 0.76653597
1.00000000 0.89254907 0.78117656
1.00000000 0.89986930 0.79581703
1.00000000 0.90718958 0.80784320
1.00000000 0.91921573 0.83058832
1.00000000 0.92967323 0.85150333
1.00000000 0.93516342 0.86614385
1.00000000 0.94039218 0.88078436
1.00000000 0.94771246 0.89542491
1.00000000 0.95503270 0.91006539
1.00000000 0.96235299 0.92470597
1.00000000 0.96967321 0.93934642
1.00000000 0.97699352 0.95398703
1.00000000 0.98431373 0.96862745
