0.96862745 0.98823529 0.96078432
0.96641292 0.98737409 0.95820069
0.96419839 0.98651288 0.95561707
0.96198385 0.98565167 0.95303345
0.95976932 0.98479047 0.95044983
0.95755479 0.98392926 0.94786621
0.95534026 0.98306805 0.94528259
0.95312572 0.98220684 0.94269897
0.95091119 0.98134564 0.94011534
0.94869666 0.98048443 0.93753172
0.94648213 0.97962322 0.93494810
0.94426759 0.97876202 0.93236448
0.94205306 0.97790081 0.92978086
0.93983853 0.97703960 0.92719724
0.93762399 0.97617839 0.92461361
0.93540946 0.97531719 0.92202999
0.93319493 0.97445598 0.91944637
0.93098040 0.97359477 0.91686275
0.92876586 0.97273357 0.91427913
0.92655133 0.97187236 0.91169551
0.92433680 0.97101115 0.90911189
0.92212227 0.97014994 0.90652826
0.91990773 0.96928874 0.90394464
0.91769320 0.96842753 0.90136102
0.91547867 0.96756632 0.89877740
0.91326413 0.96670512 0.89619378
0.91104960 0.96584391 0.89361016
0.90883507 0.96498270 0.89102653
0.90662054 0.96412149 0.88844291
0.90440600 0.96326029 0.88585929
0.90219147 0.96239908 0.88327567
0.89997694 0.96153787 0.88069205
0.89757786 0.96059977 0.87793926
0.89388697 0.95912342 0.87400231
0.89019608 0.95764706 0.87006537
0.88650520 0.95617071 0.86612842
0.88281431 0.95469435 0.86219147
0.87912342 0.95321800 0.85825453
0.87543253 0.95174164 0.85431758
0.87174165 0.95026529 0.85038063
0.86805076 0.94878893 0.84644368
0.86435987 0.94731258 0.84250674
0.86066898 0.94583622 0.83856979
0.85697809 0.94435986 0.83463284
0.85328721 0.94288351 0.83069590
0.84959632 0.94140715 0.82675895
0.84590543 0.93993080 0.82282200
0.84221454 0.93845444 0.81888506
0.83852365 0.93697809 0.81494811
0.83483277 0.93550173 0.81101116
0.83114188 0.93402538 0.80707421
0.82745099 0.93254902 0.80313727
0.82376010 0.93107267 0.79920032
0.82006921 0.92959631 0.79526337
0.81637833 0.92811996 0.79132643
0.81268744 0.92664360 0.78738948
0.80899655 0.92516725 0.78345253
0.80530566 0.92369089 0.77951558
0.80161478 0.92221454 0.77557864
0.79792389 0.92073818 0.77164169
0.79423300 0.91926183 0.76770474
0.79054211 0.91778547 0.76376780
0.78685122 0.91630912 0.75983085
0.78316034 0.91483276 0.75589390
0.77922339 0.91323338 0.75180317
0.77454826 0.91126490 0.74725107
0.76987314 0.90929643 0.74269898
0.76519801 0.90732796 0.73814688
0.76052289 0.90535948 0.73359479
0.75584777 0.90339101 0.72904269
0.75117264 0.90142254 0.72449060
0.74649752 0.89945406 0.71993850
0.74182239 0.89748559 0.71538641
0.73714727 0.89551712 0.71083431
0.73247214 0.89354864 0.70628222
0.72779702 0.89158017 0.70173012
0.72312189 0.88961169 0.69717803
0.71844677 0.88764322 0.69262593
0.71377164 0.88567475 0.68807384
0.70909652 0.88370627 0.68352174
0.70442139 0.88173780 0.67896965
0.69974627 0.87976933 0.67441755
0.69507114 0.87780085 0.66986546
0.69039602 0.87583238 0.66531336
0.68572090 0.87386391 0.66076127
0.68104577 0.87189543 0.65620917
0.67637065 0.86992696 0.65165708
0.67169552 0.86795849 0.64710498
0.66702040 0.86599001 0.64255289
0.66234527 0.86402154 0.63800079
0.65767015 0.86205306 0.63344870
0.65299502 0.86008459 0.62889660
0.64831990 0.85811612 0.62434451
0.64364477 0.85614764 0.61979241
0.63896965 0.85417917 0.61524032
0.63429452 0.85221070 0.61068822
0.62929645 0.85001154 0.60613612
0.62376011 0.84742792 0.60158403
0.61822378 0.84484430 0.59703193
0.61268745 0.84226068 0.59247984
0.60715112 0.83967706 0.58792774
0.60161478 0.83709344 0.58337564
0.59607845 0.83450981 0.57882355
0.59054212 0.83192619 0.57427145
0.58500578 0.82934257 0.56971936
0.57946945 0.82675895 0.56516726
0.57393312 0.82417533 0.56061516
0.56839679 0.82159171 0.55606307
0.56286045 0.81900808 0.55151097
0.55732412 0.81642446 0.54695888
0.55178779 0.81384084 0.54240678
0.54625145 0.81125722 0.53785468
0.54071512 0.80867360 0.53330259
0.53517879 0.80608998 0.52875049
0.52964246 0.80350636 0.52419840
0.52410612 0.80092273 0.51964630
0.51856979 0.79833911 0.51509420
0.51303346 0.79575549 0.51054211
0.50749712 0.79317187 0.50599001
0.50196079 0.79058825 0.50143792
0.49642446 0.78800463 0.49688582
0.49088813 0.78542100 0.49233372
0.48535179 0.78283738 0.48778163
0.47981546 0.78025376 0.48322953
0.47427913 0.77767014 0.47867744
0.46874280 0.77508652 0.47412534
0.46320646 0.77250290 0.46957324
0.45767013 0.76991928 0.46502115
0.45176471 0.76708959 0.46120723
0.44549020 0.76401385 0.45813149
0.43921569 0.76093811 0.45505575
0.43294118 0.75786238 0.45198001
0.42666667 0.75478664 0.44890427
0.42039216 0.75171090 0.44582853
0.41411765 0.74863516 0.44275279
0.40784314 0.74555942 0.43967705
0.40156863 0.74248368 0.43660131
0.39529412 0.73940794 0.43352557
0.38901961 0.73633220 0.43044983
0.38274511 0.73325646 0.42737409
0.37647060 0.73018072 0.42429835
0.37019609 0.72710498 0.42122261
0.36392158 0.72402924 0.41814687
0.35764707 0.72095350 0.41507113
0.35137256 0.71787776 0.41199539
0.34509805 0.71480202 0.40891965
0.33882354 0.71172628 0.40584391
0.33254903 0.70865054 0.40276817
0.32627452 0.70557480 0.39969243
0.32000001 0.70249906 0.39661669
0.31372550 0.69942332 0.39354095
0.30745099 0.69634758 0.39046521
0.30117648 0.69327184 0.38738947
0.29490197 0.69019610 0.38431373
0.28862746 0.68712036 0.38123799
0.28235295 0.68404462 0.37816225
0.27607844 0.68096888 0.37508651
0.26980394 0.67789314 0.37201077
0.26352943 0.67481740 0.36893503
0.25725492 0.67174166 0.36585929
0.25259517 0.66812766 0.36286045
0.24890428 0.66419072 0.35990774
0.24521339 0.66025377 0.35695503
0.24152251 0.65631682 0.35400232
0.23783162 0.65237987 0.35104961
0.23414073 0.64844293 0.34809689
0.23044984 0.64450598 0.34514418
0.22675895 0.64056903 0.34219147
0.22306806 0.63663209 0.33923876
0.21937717 0.63269514 0.33628605
0.21568629 0.62875819 0.33333334
0.21199540 0.62482124 0.33038063
0.20830451 0.62088430 0.32742792
0.20461362 0.61694735 0.32447521
0.20092273 0.61301040 0.32152250
0.19723184 0.60907346 0.31856979
0.19354096 0.60513651 0.31561708
0.18985007 0.60119956 0.31266437
0.18615918 0.59726262 0.30971166
0.18246829 0.59332567 0.30675895
0.17877740 0.58938872 0.30380624
0.17508651 0.58545177 0.30085353
0.17139563 0.58151483 0.29790082
0.16770474 0.57757788 0.29494811
0.16401385 0.57364093 0.29199540
0.16032296 0.56970399 0.28904269
0.15663207 0.56576704 0.28608998
0.15294118 0.56183009 0.28313727
0.14925030 0.55789314 0.28018456
0.14555941 0.55395620 0.27723185
0.14186852 0.55001925 0.27427914
0.13817763 0.54608230 0.27132643
0.13402538 0.54232990 0.26828144
0.12971935 0.53863901 0.26520570
0.12541331 0.53494812 0.26212996
0.12110727 0.53125723 0.25905422
0.11680124 0.52756634 0.25597848
0.11249520 0.52387546 0.25290274
0.10818916 0.52018457 0.24982700
0.10388313 0.51649368 0.24675126
0.09957709 0.51280279 0.24367552
0.09527105 0.50911190 0.24059978
0.09096502 0.50542101 0.23752404
0.08665898 0.50173012 0.23444830
0.08235295 0.49803923 0.23137256
0.07804691 0.49434834 0.22829682
0.07374087 0.49065746 0.22522108
0.06943484 0.48696657 0.22214534
0.06512880 0.48327568 0.21906960
0.06082276 0.47958479 0.21599386
0.05651673 0.47589390 0.21291812
0.05221069 0.47220301 0.20984238
0.04790465 0.46851212 0.20676664
0.04359862 0.46482123 0.20369090
0.03929258 0.46113035 0.20061516
0.03498655 0.45743946 0.19753941
0.03068051 0.45374857 0.19446367
0.02637447 0.45005768 0.19138793
0.02206844 0.44636679 0.18831219
0.01776240 0.44267590 0.18523645
0.01345636 0.43898501 0.18216071
0.00915033 0.43529412 0.17908497
0.00484429 0.43160323 0.17600923
0.00053825 0.42791235 0.17293349
0.00000000 0.42303730 0.17071896
0.00000000 0.41799308 0.16862746
0.00000000 0.41294887 0.16653595
0.00000000 0.40790466 0.16444445
0.00000000 0.40286044 0.16235295
0.00000000 0.39781623 0.16026144
0.00000000 0.39277202 0.15816994
0.00000000 0.38772780 0.15607844
0.00000000 0.38268359 0.15398693
0.00000000 0.37763938 0.15189543
0.00000000 0.37259516 0.14980392
0.00000000 0.36755095 0.14771242
0.00000000 0.36250674 0.14562092
0.00000000 0.35746252 0.14352941
0.00000000 0.35241831 0.14143791
0.00000000 0.34737410 0.13934641
0.00000000 0.34232988 0.13725490
0.00000000 0.33728567 0.13516340
0.00000000 0.33224146 0.13307190
0.00000000 0.32719724 0.13098039
0.00000000 0.32215303 0.12888889
0.00000000 0.31710882 0.12679739
0.00000000 0.31206460 0.12470588
0.00000000 0.30702039 0.12261438
0.00000000 0.30197617 0.12052288
0.00000000 0.29693196 0.11843137
0.00000000 0.29188775 0.11633987
0.00000000 0.28684353 0.11424837
0.00000000 0.28179932 0.11215686
0.00000000 0.27675511 0.11006536
0.00000000 0.27171089 0.10797386
0.00000000 0.26666668 0.10588235
