1.00000000 1.00000000 1.00000000
0.99815456 0.99815456 0.99815456
0.99630911 0.99630911 0.99630911
0.99446367 0.99446367 0.99446367
0.99261822 0.99261822 0.99261822
0.99077278 0.99077278 0.99077278
0.98892734 0.98892734 0.98892734
0.98708189 0.98708189 0.98708189
0.98523645 0.98523645 0.98523645
0.98339100 0.98339100 0.98339100
0.98154556 0.98154556 0.98154556
0.97970012 0.97970012 0.97970012
0.97785467 0.97785467 0.97785467
0.97600923 0.97600923 0.97600923
0.97416378 0.97416378 0.97416378
0.97231834 0.97231834 0.97231834
0.97047290 0.97047290 0.97047290
0.96862745 0.96862745 0.96862745
0.96678201 0.96678201 0.96678201
0.96493656 0.96493656 0.96493656
0.96309112 0.96309112 0.96309112
0.96124568 0.96124568 0.96124568
0.95940023 0.95940023 0.95940023
0.95755479 0.95755479 0.95755479
0.95570935 0.95570935 0.95570935
0.95386390 0.95386390 0.95386390
0.95201846 0.95201846 0.95201846
0.95017301 0.95017301 0.95017301
0.94832757 0.94832757 0.94832757
0.94648213 0.94648213 0.94648213
0.94463668 0.94463668 0.94463668
0.94279124 0.94279124 0.94279124
0.94082276 0.94082276 0.94082276
0.93799308 0.93799308 0.93799308
0.93516340 0.93516340 0.93516340
0.93233372 0.93233372 0.93233372
0.92950404 0.92950404 0.92950404
0.92667436 0.92667436 0.92667436
0.92384468 0.92384468 0.92384468
0.92101500 0.92101500 0.92101500
0.91818532 0.91818532 0.91818532
0.91535564 0.91535564 0.91535564
0.91252596 0.91252596 0.91252596
0.90969628 0.90969628 0.90969628
0.90686660 0.90686660 0.90686660
0.90403691 0.90403691 0.90403691
0.90120723 0.90120723 0.90120723
0.89837755 0.89837755 0.89837755
0.89554787 0.89554787 0.89554787
0.89271819 0.89271819 0.89271819
0.88988851 0.88988851 0.88988851
0.88705883 0.88705883 0.88705883
0.88422915 0.88422915 0.88422915
0.88139947 0.88139947 0.88139947
0.87856979 0.87856979 0.87856979
0.87574011 0.87574011 0.87574011
0.87291043 0.87291043 0.87291043
0.87008075 0.87008075 0.87008075
0.86725107 0.86725107 0.86725107
0.86442138 0.86442138 0.86442138
0.86159170 0.86159170 0.86159170
0.85876202 0.85876202 0.85876202
0.85593234 0.85593234 0.85593234
0.85310266 0.85310266 0.85310266
0.85011919 0.85011919 0.85011919
0.84667437 0.84667437 0.84667437
0.84322954 0.84322954 0.84322954
0.83978471 0.83978471 0.83978471
0.83633988 0.83633988 0.83633988
0.83289505 0.83289505 0.83289505
0.82945022 0.82945022 0.82945022
0.82600539 0.82600539 0.82600539
0.82256056 0.82256056 0.82256056
0.81911574 0.81911574 0.81911574
0.81567091 0.81567091 0.81567091
0.81222608 0.81222608 0.81222608
0.80878125 0.80878125 0.80878125
0.80533642 0.80533642 0.80533642
0.80189159 0.80189159 0.80189159
0.79844676 0.79844676 0.79844676
0.79500193 0.79500193 0.79500193
0.79155711 0.79155711 0.79155711
0.78811228 0.78811228 0.78811228
0.78466745 0.78466745 0.78466745
0.78122262 0.78122262 0.78122262
0.77777779 0.77777779 0.77777779
0.77433296 0.77433296 0.77433296
0.77088813 0.77088813 0.77088813
0.76744330 0.76744330 0.76744330
0.76399848 0.76399848 0.76399848
0.76055365 0.76055365 0.76055365
0.75710882 0.75710882 0.75710882
0.75366399 0.75366399 0.75366399
0.75021916 0.75021916 0.75021916
0.74677433 0.74677433 0.74677433
0.74332950 0.74332950 0.74332950
0.73937718 0.73937718 0.73937718
0.73457902 0.73457902 0.73457902
0.72978087 0.72978087 0.72978087
0.72498272 0.72498272 0.72498272
0.72018456 0.72018456 0.72018456
0.71538641 0.71538641 0.71538641
0.71058825 0.71058825 0.71058825
0.70579010 0.70579010 0.70579010
0.70099194 0.70099194 0.70099194
0.69619379 0.69619379 0.69619379
0.69139564 0.69139564 0.69139564
0.68659748 0.68659748 0.68659748
0.68179933 0.68179933 0.68179933
0.67700117 0.67700117 0.67700117
0.67220302 0.67220302 0.67220302
0.66740486 0.66740486 0.66740486
0.66260671 0.66260671 0.66260671
0.65780856 0.65780856 0.65780856
0.65301040 0.65301040 0.65301040
0.64821225 0.64821225 0.64821225
0.64341409 0.64341409 0.64341409
0.63861594 0.63861594 0.63861594
0.63381778 0.63381778 0.63381778
0.62901963 0.62901963 0.62901963
0.62422148 0.62422148 0.62422148
0.61942332 0.61942332 0.61942332
0.61462517 0.61462517 0.61462517
0.60982701 0.60982701 0.60982701
0.60502886 0.60502886 0.60502886
0.60023070 0.60023070 0.60023070
0.59543255 0.59543255 0.59543255
0.59063440 0.59063440 0.59063440
0.58608230 0.58608230 0.58608230
0.58177626 0.58177626 0.58177626
0.57747023 0.57747023 0.57747023
0.57316419 0.57316419 0.57316419
0.56885815 0.56885815 0.56885815
0.56455212 0.56455212 0.56455212
0.56024608 0.56024608 0.56024608
0.55594004 0.55594004 0.55594004
0.55163401 0.55163401 0.55163401
0.54732797 0.54732797 0.54732797
0.54302193 0.54302193 0.54302193
0.53871590 0.53871590 0.53871590
0.53440986 0.53440986 0.53440986
0.53010382 0.53010382 0.53010382
0.52579778 0.52579778 0.52579778
0.52149175 0.52149175 0.52149175
0.51718571 0.51718571 0.51718571
0.51287967 0.51287967 0.51287967
0.50857364 0.50857364 0.50857364
0.50426760 0.50426760 0.50426760
0.49996156 0.49996156 0.49996156
0.49565553 0.49565553 0.49565553
0.49134949 0.49134949 0.49134949
0.48704345 0.48704345 0.48704345
0.48273742 0.48273742 0.48273742
0.47843138 0.47843138 0.47843138
0.47412534 0.47412534 0.47412534
0.46981931 0.46981931 0.46981931
0.46551327 0.46551327 0.46551327
0.46120723 0.46120723 0.46120723
0.45690120 0.45690120 0.45690120
0.45259516 0.45259516 0.45259516
0.44844291 0.44844291 0.44844291
0.44438293 0.44438293 0.44438293
0.44032296 0.44032296 0.44032296
0.43626298 0.43626298 0.43626298
0.43220300 0.43220300 0.43220300
0.42814303 0.42814303 0.42814303
0.42408305 0.42408305 0.42408305
0.42002307 0.42002307 0.42002307
0.41596310 0.41596310 0.41596310
0.41190312 0.41190312 0.41190312
0.40784314 0.40784314 0.40784314
0.40378317 0.40378317 0.40378317
0.39972319 0.39972319 0.39972319
0.39566321 0.39566321 0.39566321
0.39160324 0.39160324 0.39160324
0.38754326 0.38754326 0.38754326
0.38348328 0.38348328 0.38348328
0.37942331 0.37942331 0.37942331
0.37536333 0.37536333 0.37536333
0.37130335 0.37130335 0.37130335
0.36724338 0.36724338 0.36724338
0.36318340 0.36318340 0.36318340
0.35912342 0.35912342 0.35912342
0.35506345 0.35506345 0.35506345
0.35100347 0.35100347 0.35100347
0.34694349 0.34694349 0.34694349
0.34288352 0.34288352 0.34288352
0.33882354 0.33882354 0.33882354
0.33476356 0.33476356 0.33476356
0.33070359 0.33070359 0.33070359
0.32664361 0.32664361 0.32664361
0.32258363 0.32258363 0.32258363
0.31741639 0.31741639 0.31741639
0.31188006 0.31188006 0.31188006
0.30634372 0.30634372 0.30634372
0.30080739 0.30080739 0.30080739
0.29527106 0.29527106 0.29527106
0.28973473 0.28973473 0.28973473
0.28419839 0.28419839 0.28419839
0.27866206 0.27866206 0.27866206
0.27312573 0.27312573 0.27312573
0.26758940 0.26758940 0.26758940
0.26205307 0.26205307 0.26205307
0.25651673 0.25651673 0.25651673
0.25098040 0.25098040 0.25098040
0.24544407 0.24544407 0.24544407
0.23990774 0.23990774 0.23990774
0.23437140 0.23437140 0.23437140
0.22883507 0.22883507 0.22883507
0.22329874 0.22329874 0.22329874
0.21776241 0.21776241 0.21776241
0.21222607 0.21222607 0.21222607
0.20668974 0.20668974 0.20668974
0.20115341 0.20115341 0.20115341
0.19561708 0.19561708 0.19561708
0.19008075 0.19008075 0.19008075
0.18454441 0.18454441 0.18454441
0.17900808 0.17900808 0.17900808
0.17347175 0.17347175 0.17347175
0.16793542 0.16793542 0.16793542
0.16239908 0.16239908 0.16239908
0.15686275 0.15686275 0.15686275
0.15132642 0.15132642 0.15132642
0.14579009 0.14579009 0.14579009
0.14111496 0.14111496 0.14111496
0.13656287 0.13656287 0.13656287
0.13201077 0.13201077 0.13201077
0.12745868 0.12745868 0.12745868
0.12290658 0.12290658 0.12290658
0.11835448 0.11835448 0.11835448
0.11380239 0.11380239 0.11380239
0.10925029 0.10925029 0.10925029
0.10469820 0.10469820 0.10469820
0.10014610 0.10014610 0.10014610
0.09559401 0.09559401 0.09559401
0.09104191 0.09104191 0.09104191
0.08648982 0.08648982 0.08648982
0.08193772 0.08193772 0.08193772
0.07738562 0.07738562 0.07738562
0.07283353 0.07283353 0.07283353
0.06828143 0.06828143 0.06828143
0.06372934 0.06372934 0.06372934
0.05917724 0.05917724 0.05917724
0.05462515 0.05462515 0.05462515
0.05007305 0.05007305 0.05007305
0.04552096 0.04552096 0.04552096
0.04096886 0.04096886 0.04096886
0.03641676 0.03641676 0.03641676
0.03186467 0.03186467 0.03186467
0.02731257 0.02731257 0.02731257
0.02276048 0.02276048 0.02276048
0.01820838 0.01820838 0.01820838
0.01365629 0.01365629 0.01365629
0.00910419 0.00910419 0.00910419
0.00455210 0.00455210 0.00455210
0.00000000 0.00000000 0.00000000
