1.00000000 0.00000000 0.00000000
1.00000000 0.02316179 0.00000000
1.00000000 0.04632358 0.00000000
1.00000000 0.06948536 0.00000000
1.00000000 0.09264715 0.00000000
1.00000000 0.11580894 0.00000000
1.00000000 0.13897073 0.00000000
1.00000000 0.16213252 0.00000000
1.00000000 0.18529430 0.00000000
1.00000000 0.20845609 0.00000000
1.00000000 0.23161788 0.00000000
1.00000000 0.25477967 0.00000000
1.00000000 0.27794145 0.00000000
1.00000000 0.30110324 0.00000000
1.00000000 0.32426503 0.00000000
1.00000000 0.34742682 0.00000000
1.00000000 0.37058861 0.00000000
1.00000000 0.39375039 0.00000000
1.00000000 0.41691218 0.00000000
1.00000000 0.44007397 0.00000000
1.00000000 0.46323576 0.00000000
1.00000000 0.48639755 0.00000000
1.00000000 0.50955933 0.00000000
1.00000000 0.53272112 0.00000000
1.00000000 0.55588291 0.00000000
1.00000000 0.57904470 0.00000000
1.00000000 0.60220648 0.00000000
1.00000000 0.62536827 0.00000000
1.00000000 0.64853006 0.00000000
1.00000000 0.67169185 0.00000000
1.00000000 0.69485364 0.00000000
1.00000000 0.71801542 0.00000000
1.00000000 0.74117721 0.00000000
1.00000000 0.76433900 0.00000000
1.00000000 0.78750079 0.00000000
1.00000000 0.81066258 0.00000000
1.00000000 0.83382436 0.00000000
1.00000000 0.85698615 0.00000000
1.00000000 0.88014794 0.00000000
1.00000000 0.90330973 0.00000000
1.00000000 0.92647151 0.00000000
0.99595557 0.94558887 0.00000000
0.98823497 0.96103006 0.00000000
0.98051437 0.97647125 0.00000000
0.97279378 0.99191244 0.00000000
0.95771955 1.00000000 0.00000000
0.93455776 1.00000000 0.00000000
0.91139597 1.00000000 0.00000000
0.88823418 1.00000000 0.00000000
0.86507239 1.00000000 0.00000000
0.84191061 1.00000000 0.00000000
0.81874882 1.00000000 0.00000000
0.79558703 1.00000000 0.00000000
0.77242524 1.00000000 0.00000000
0.74926346 1.00000000 0.00000000
0.72610167 1.00000000 0.00000000
0.70293988 1.00000000 0.00000000
0.67977809 1.00000000 0.00000000
0.65661630 1.00000000 0.00000000
0.63345452 1.00000000 0.00000000
0.61029273 1.00000000 0.00000000
0.58713094 1.00000000 0.00000000
0.56396915 1.00000000 0.00000000
0.54080736 1.00000000 0.00000000
0.51764558 1.00000000 0.00000000
0.49448379 1.00000000 0.00000000
0.47132200 1.00000000 0.00000000
0.44816021 1.00000000 0.00000000
0.42499842 1.00000000 0.00000000
0.40183664 1.00000000 0.00000000
0.37867485 1.00000000 0.00000000
0.35551306 1.00000000 0.00000000
0.33235127 1.00000000 0.00000000
0.30918949 1.00000000 0.00000000
0.28602770 1.00000000 0.00000000
0.26286591 1.00000000 0.00000000
0.23970412 1.00000000 0.00000000
0.21654233 1.00000000 0.00000000
0.19338055 1.00000000 0.00000000
0.17021876 1.00000000 0.00000000
0.14705697 1.00000000 0.00000000
0.12389518 1.00000000 0.00000000
0.10073339 1.00000000 0.00000000
0.07757161 1.00000000 0.00000000
0.05440982 1.00000000 0.00000000
0.03124934 1.00000000 0.00000131
0.02352875 1.00000000 0.01544250
0.01580815 1.00000000 0.03088370
0.00808756 1.00000000 0.04632489
0.00036696 1.00000000 0.06176608
0.00000000 1.00000000 0.08456077
0.00000000 1.00000000 0.10772241
0.00000000 1.00000000 0.13088405
0.00000000 1.00000000 0.15404569
0.00000000 1.00000000 0.17720734
0.00000000 1.00000000 0.20036898
0.00000000 1.00000000 0.22353062
0.00000000 1.00000000 0.24669226
0.00000000 1.00000000 0.26985390
0.00000000 1.00000000 0.29301555
0.00000000 1.00000000 0.31617719
0.00000000 1.00000000 0.33933883
0.00000000 1.00000000 0.36250047
0.00000000 1.00000000 0.38566211
0.00000000 1.00000000 0.40882376
0.00000000 1.00000000 0.43198540
0.00000000 1.00000000 0.45514704
0.00000000 1.00000000 0.47830868
0.00000000 1.00000000 0.50147032
0.00000000 1.00000000 0.52463197
0.00000000 1.00000000 0.54779361
0.00000000 1.00000000 0.57095525
0.00000000 1.00000000 0.59411689
0.00000000 1.00000000 0.61727853
0.00000000 1.00000000 0.64044018
0.00000000 1.00000000 0.66360182
0.00000000 1.00000000 0.68676346
0.00000000 1.00000000 0.70992510
0.00000000 1.00000000 0.73308674
0.00000000 1.00000000 0.75624839
0.00000000 1.00000000 0.77941003
0.00000000 1.00000000 0.80257167
0.00000000 1.00000000 0.82573331
0.00000000 1.00000000 0.84889495
0.00000000 1.00000000 0.87205660
0.00000000 1.00000000 0.89521824
0.00000000 1.00000000 0.91837988
0.00000000 1.00000000 0.94154152
0.00000000 1.00000000 0.96470316
0.00000000 1.00000000 0.98786481
0.00000000 0.98897348 1.00000000
0.00000000 0.96581170 1.00000000
0.00000000 0.94264991 1.00000000
0.00000000 0.91948812 1.00000000
0.00000000 0.89632633 1.00000000
0.00000000 0.87316454 1.00000000
0.00000000 0.85000276 1.00000000
0.00000000 0.82684097 1.00000000
0.00000000 0.80367918 1.00000000
0.00000000 0.78051739 1.00000000
0.00000000 0.75735560 1.00000000
0.00000000 0.73419382 1.00000000
0.00000000 0.71103203 1.00000000
0.00000000 0.68787024 1.00000000
0.00000000 0.66470845 1.00000000
0.00000000 0.64154667 1.00000000
0.00000000 0.61838488 1.00000000
0.00000000 0.59522309 1.00000000
0.00000000 0.57206130 1.00000000
0.00000000 0.54889951 1.00000000
0.00000000 0.52573773 1.00000000
0.00000000 0.50257594 1.00000000
0.00000000 0.47941415 1.00000000
0.00000000 0.45625236 1.00000000
0.00000000 0.43309057 1.00000000
0.00000000 0.40992879 1.00000000
0.00000000 0.38676700 1.00000000
0.00000000 0.36360521 1.00000000
0.00000000 0.34044342 1.00000000
0.00000000 0.31728164 1.00000000
0.00000000 0.29411985 1.00000000
0.00000000 0.27095806 1.00000000
0.00000000 0.24779627 1.00000000
0.00000000 0.22463448 1.00000000
0.00000000 0.20147270 1.00000000
0.00000000 0.17831091 1.00000000
0.00000000 0.15514912 1.00000000
0.00000000 0.13198733 1.00000000
0.00000000 0.10882554 1.00000000
0.00000000 0.08566376 1.00000000
0.00000000 0.06250197 1.00000000
0.00771994 0.04706012 1.00000000
0.01544054 0.03161893 1.00000000
0.02316113 0.01617774 1.00000000
0.03088173 0.00073654 1.00000000
0.05330697 0.00000000 1.00000000
0.07646876 0.00000000 1.00000000
0.09963055 0.00000000 1.00000000
0.12279233 0.00000000 1.00000000
0.14595412 0.00000000 1.00000000
0.16911591 0.00000000 1.00000000
0.19227770 0.00000000 1.00000000
0.21543949 0.00000000 1.00000000
0.23860127 0.00000000 1.00000000
0.26176306 0.00000000 1.00000000
0.28492485 0.00000000 1.00000000
0.30808664 0.00000000 1.00000000
0.33124842 0.00000000 1.00000000
0.35441021 0.00000000 1.00000000
0.37757200 0.00000000 1.00000000
0.40073379 0.00000000 1.00000000
0.42389558 0.00000000 1.00000000
0.44705736 0.00000000 1.00000000
0.47021915 0.00000000 1.00000000
0.49338094 0.00000000 1.00000000
0.51654273 0.00000000 1.00000000
0.53970452 0.00000000 1.00000000
0.56286630 0.00000000 1.00000000
0.58602809 0.00000000 1.00000000
0.60918988 0.00000000 1.00000000
0.63235167 0.00000000 1.00000000
0.65551346 0.00000000 1.00000000
0.67867524 0.00000000 1.00000000
0.70183703 0.00000000 1.00000000
0.72499882 0.00000000 1.00000000
0.74816061 0.00000000 1.00000000
0.77132239 0.00000000 1.00000000
0.79448418 0.00000000 1.00000000
0.81764597 0.00000000 1.00000000
0.84080776 0.00000000 1.00000000
0.86396955 0.00000000 1.00000000
0.88713133 0.00000000 1.00000000
0.91029312 0.00000000 1.00000000
0.93345491 0.00000000 1.00000000
0.95661670 0.00000000 1.00000000
0.97242616 0.00000000 0.99264768
0.98014676 0.00000000 0.97720648
0.98786735 0.00000000 0.96176529
0.99558795 0.00000000 0.94632410
1.00000000 0.00000000 0.92757436
1.00000000 0.00000000 0.90441258
1.00000000 0.00000000 0.88125079
1.00000000 0.00000000 0.85808900
1.00000000 0.00000000 0.83492721
1.00000000 0.00000000 0.81176542
1.00000000 0.00000000 0.78860364
1.00000000 0.00000000 0.76544185
1.00000000 0.00000000 0.74228006
1.00000000 0.00000000 0.71911827
1.00000000 0.00000000 0.69595648
1.00000000 0.00000000 0.67279470
1.00000000 0.00000000 0.64963291
1.00000000 0.00000000 0.62647112
1.00000000 0.00000000 0.60330933
1.00000000 0.00000000 0.58014755
1.00000000 0.00000000 0.55698576
1.00000000 0.00000000 0.53382397
1.00000000 0.00000000 0.51066218
1.00000000 0.00000000 0.48750039
1.00000000 0.00000000 0.46433861
1.00000000 0.00000000 0.44117682
1.00000000 0.00000000 0.41801503
1.00000000 0.00000000 0.39485324
1.00000000 0.00000000 0.37169145
1.00000000 0.00000000 0.34852967
1.00000000 0.00000000 0.32536788
1.00000000 0.00000000 0.30220609
1.00000000 0.00000000 0.27904430
1.00000000 0.00000000 0.25588252
1.00000000 0.00000000 0.23272073
1.00000000 0.00000000 0.20955894
1.00000000 0.00000000 0.18639715
1.00000000 0.00000000 0.16323536
1.00000000 0.00000000 0.14007358
1.00000000 0.00000000 0.11691179
1.00000000 0.00000000 0.09375000
