0.55686277 0.00392157 0.32156864
0.56532106 0.00792003 0.32818148
0.57377934 0.01191849 0.33479432
0.58223763 0.01591696 0.34140716
0.59069591 0.01991542 0.34802000
0.59915420 0.02391388 0.35463284
0.60761248 0.02791234 0.36124568
0.61607076 0.03191080 0.36785852
0.62452905 0.03590927 0.37447136
0.63298733 0.03990773 0.38108421
0.64144562 0.04390619 0.38769705
0.64990390 0.04790465 0.39430989
0.65836219 0.05190311 0.40092273
0.66682047 0.05590158 0.40753557
0.67527876 0.05990004 0.41414841
0.68373704 0.06389850 0.42076125
0.69219533 0.06789696 0.42737409
0.70065361 0.07189543 0.43398693
0.70911190 0.07589389 0.44059977
0.71757018 0.07989235 0.44721261
0.72602847 0.08389081 0.45382545
0.73448675 0.08788927 0.46043830
0.74294504 0.09188774 0.46705114
0.75140332 0.09588620 0.47366398
0.75986161 0.09988466 0.48027682
0.76831989 0.10388312 0.48688966
0.77447137 0.11295656 0.49396386
0.77831605 0.12710496 0.50149942
0.78216072 0.14125337 0.50903499
0.78600540 0.15540177 0.51657055
0.78985007 0.16955017 0.52410612
0.79369475 0.18369858 0.53164168
0.79753942 0.19784698 0.53917724
0.80138409 0.21199539 0.54671281
0.80522877 0.22614379 0.55424837
0.80907344 0.24029220 0.56178394
0.81291812 0.25444060 0.56931950
0.81676279 0.26858901 0.57685506
0.82060747 0.28273741 0.58439063
0.82445214 0.29688581 0.59192619
0.82829682 0.31103422 0.59946176
0.83214149 0.32518262 0.60699732
0.83598617 0.33933103 0.61453288
0.83983084 0.35347943 0.62206845
0.84367552 0.36762784 0.62960401
0.84752019 0.38177624 0.63713958
0.85136487 0.39592465 0.64467514
0.85520954 0.41007305 0.65221070
0.85905422 0.42422146 0.65974627
0.86289889 0.43836986 0.66728183
0.86674357 0.45251826 0.67481740
0.87058824 0.46666667 0.68235296
0.87351020 0.47635525 0.68911959
0.87643215 0.48604383 0.69588622
0.87935410 0.49573241 0.70265284
0.88227605 0.50542100 0.70941947
0.88519801 0.51510958 0.71618610
0.88811996 0.52479816 0.72295273
0.89104191 0.53448674 0.72971935
0.89396387 0.54417532 0.73648598
0.89688582 0.55386391 0.74325261
0.89980777 0.56355249 0.75001924
0.90272973 0.57324107 0.75678587
0.90565168 0.58292965 0.76355249
0.90857363 0.59261823 0.77031912
0.91149558 0.60230682 0.77708575
0.91441754 0.61199540 0.78385238
0.91733949 0.62168398 0.79061901
0.92026144 0.63137256 0.79738563
0.92318340 0.64106114 0.80415226
0.92610535 0.65074972 0.81091889
0.92902730 0.66043831 0.81768552
0.93194925 0.67012689 0.82445214
0.93487121 0.67981547 0.83121877
0.93779316 0.68950405 0.83798540
0.94071511 0.69919263 0.84475203
0.94363707 0.70888122 0.85151866
0.94602076 0.71695503 0.85651673
0.94786621 0.72341409 0.85974626
0.94971165 0.72987314 0.86297579
0.95155710 0.73633220 0.86620531
0.95340254 0.74279125 0.86943484
0.95524798 0.74925030 0.87266437
0.95709343 0.75570936 0.87589389
0.95893887 0.76216841 0.87912342
0.96078432 0.76862746 0.88235295
0.96262976 0.77508652 0.88558248
0.96447520 0.78154557 0.88881200
0.96632065 0.78800463 0.89204153
0.96816609 0.79446368 0.89527106
0.97001154 0.80092273 0.89850058
0.97185698 0.80738179 0.90173011
0.97370242 0.81384084 0.90495964
0.97554787 0.82029990 0.90818916
0.97739331 0.82675895 0.91141869
0.97923876 0.83321800 0.91464822
0.98108420 0.83967706 0.91787774
0.98292964 0.84613611 0.92110727
0.98477509 0.85259516 0.92433680
0.98662053 0.85905422 0.92756632
0.98846598 0.86551327 0.93079585
0.99031142 0.87197233 0.93402538
0.99215686 0.87843138 0.93725491
0.99123414 0.88196848 0.93848520
0.99031142 0.88550558 0.93971550
0.98938870 0.88904268 0.94094579
0.98846598 0.89257978 0.94217609
0.98754325 0.89611688 0.94340639
0.98662053 0.89965399 0.94463668
0.98569781 0.90319109 0.94586698
0.98477509 0.90672819 0.94709727
0.98385237 0.91026529 0.94832757
0.98292964 0.91380239 0.94955787
0.98200692 0.91733949 0.95078816
0.98108420 0.92087659 0.95201846
0.98016148 0.92441369 0.95324875
0.97923876 0.92795079 0.95447905
0.97831603 0.93148789 0.95570935
0.97739331 0.93502499 0.95693964
0.97647059 0.93856210 0.95816994
0.97554787 0.94209920 0.95940023
0.97462515 0.94563630 0.96063053
0.97370242 0.94917340 0.96186083
0.97277970 0.95271050 0.96309112
0.97185698 0.95624760 0.96432142
0.97093426 0.95978470 0.96555171
0.97001154 0.96332180 0.96678201
0.96908881 0.96685890 0.96801230
0.96732026 0.96847367 0.96562861
0.96470588 0.96816609 0.95963091
0.96209151 0.96785852 0.95363322
0.95947713 0.96755094 0.94763553
0.95686275 0.96724337 0.94163784
0.95424837 0.96693580 0.93564014
0.95163399 0.96662822 0.92964245
0.94901961 0.96632065 0.92364476
0.94640523 0.96601307 0.91764706
0.94379085 0.96570550 0.91164937
0.94117647 0.96539793 0.90565168
0.93856210 0.96509035 0.89965399
0.93594772 0.96478278 0.89365629
0.93333334 0.96447520 0.88765860
0.93071896 0.96416763 0.88166091
0.92810458 0.96386006 0.87566321
0.92549020 0.96355248 0.86966552
0.92287582 0.96324491 0.86366783
0.92026144 0.96293733 0.85767014
0.91764706 0.96262976 0.85167244
0.91503268 0.96232219 0.84567475
0.91241831 0.96201461 0.83967706
0.90980393 0.96170704 0.83367936
0.90718955 0.96139946 0.82768167
0.90457517 0.96109189 0.82168398
0.90196079 0.96078432 0.81568629
0.89488659 0.95770858 0.80430605
0.88781239 0.95463284 0.79292581
0.88073818 0.95155710 0.78154557
0.87366398 0.94848136 0.77016533
0.86658978 0.94540562 0.75878510
0.85951558 0.94232988 0.74740486
0.85244138 0.93925414 0.73602462
0.84536718 0.93617840 0.72464438
0.83829297 0.93310266 0.71326415
0.83121877 0.93002692 0.70188391
0.82414457 0.92695118 0.69050367
0.81707037 0.92387544 0.67912343
0.80999617 0.92079970 0.66774320
0.80292196 0.91772396 0.65636296
0.79584776 0.91464822 0.64498272
0.78877356 0.91157248 0.63360248
0.78169936 0.90849674 0.62222224
0.77462516 0.90542100 0.61084201
0.76755096 0.90234526 0.59946177
0.76047675 0.89926952 0.58808153
0.75340255 0.89619378 0.57670129
0.74632835 0.89311804 0.56532106
0.73925415 0.89004230 0.55394082
0.73217995 0.88696656 0.54256058
0.72510574 0.88389082 0.53118034
0.71718571 0.87950789 0.52018457
0.70841985 0.87381777 0.50957327
0.69965399 0.86812765 0.49896196
0.69088813 0.86243753 0.48835066
0.68212227 0.85674741 0.47773936
0.67335641 0.85105729 0.46712805
0.66459055 0.84536718 0.45651675
0.65582469 0.83967706 0.44590545
0.64705883 0.83398694 0.43529414
0.63829297 0.82829682 0.42468284
0.62952711 0.82260670 0.41407153
0.62076125 0.81691658 0.40346023
0.61199539 0.81122646 0.39284893
0.60322953 0.80553634 0.38223762
0.59446368 0.79984622 0.37162632
0.58569782 0.79415611 0.36101501
0.57693196 0.78846599 0.35040371
0.56816610 0.78277587 0.33979241
0.55940024 0.77708575 0.32918110
0.55063438 0.77139563 0.31856980
0.54186852 0.76570551 0.30795849
0.53310266 0.76001539 0.29734719
0.52433680 0.75432527 0.28673589
0.51557094 0.74863516 0.27612458
0.50680508 0.74294504 0.26551328
0.49803922 0.73725492 0.25490198
0.49034987 0.73079586 0.24998079
0.48266052 0.72433681 0.24505961
0.47497117 0.71787776 0.24013842
0.46728182 0.71141870 0.23521724
0.45959247 0.70495965 0.23029605
0.45190312 0.69850059 0.22537487
0.44421377 0.69204154 0.22045368
0.43652442 0.68558249 0.21553250
0.42883507 0.67912343 0.21061132
0.42114572 0.67266438 0.20569013
0.41345637 0.66620533 0.20076895
0.40576702 0.65974627 0.19584776
0.39807767 0.65328722 0.19092658
0.39038832 0.64682816 0.18600539
0.38269897 0.64036911 0.18108421
0.37500962 0.63391006 0.17616302
0.36732027 0.62745100 0.17124184
0.35963092 0.62099195 0.16632066
0.35194157 0.61453289 0.16139947
0.34425222 0.60807384 0.15647829
0.33656287 0.60161479 0.15155710
0.32887352 0.59515573 0.14663592
0.32118417 0.58869668 0.14171473
0.31349482 0.58223763 0.13679355
0.30580547 0.57577857 0.13187236
0.29903884 0.56901194 0.12879662
0.29319494 0.56193774 0.12756633
0.28735103 0.55486354 0.12633603
0.28150712 0.54778933 0.12510573
0.27566322 0.54071513 0.12387544
0.26981931 0.53364093 0.12264514
0.26397540 0.52656673 0.12141485
0.25813150 0.51949252 0.12018455
0.25228759 0.51241832 0.11895425
0.24644369 0.50534412 0.11772396
0.24059978 0.49826991 0.11649366
0.23475587 0.49119571 0.11526336
0.22891197 0.48412151 0.11403307
0.22306806 0.47704730 0.11280277
0.21722415 0.46997310 0.11157248
0.21138025 0.46289890 0.11034218
0.20553634 0.45582470 0.10911188
0.19969243 0.44875049 0.10788159
0.19384853 0.44167629 0.10665129
0.18800462 0.43460209 0.10542099
0.18216071 0.42752788 0.10419070
0.17631681 0.42045368 0.10296040
0.17047290 0.41337948 0.10173011
0.16462900 0.40630528 0.10049981
0.15878509 0.39923107 0.09926951
0.15294118 0.39215687 0.09803922
