0.25098041 0.00000000 0.29411766
0.25928490 0.00645905 0.30272973
0.26758940 0.01291811 0.31134181
0.27589390 0.01937716 0.31995388
0.28419840 0.02583622 0.32856595
0.29250290 0.03229527 0.33717802
0.30080739 0.03875433 0.34579010
0.30911189 0.04521338 0.35440217
0.31741639 0.05167244 0.36301424
0.32572089 0.05813149 0.37162632
0.33402538 0.06459054 0.38023839
0.34232988 0.07104960 0.38885046
0.35063438 0.07750865 0.39746253
0.35893888 0.08396771 0.40607461
0.36724338 0.09042676 0.41468668
0.37554787 0.09688582 0.42329875
0.38385237 0.10334487 0.43191083
0.39215687 0.10980392 0.44052290
0.40046137 0.11626298 0.44913497
0.40876586 0.12272203 0.45774705
0.41707036 0.12918109 0.46635912
0.42537486 0.13564014 0.47497119
0.43367936 0.14209920 0.48358326
0.44198386 0.14855825 0.49219534
0.45028835 0.15501731 0.50080741
0.45859285 0.16147636 0.50941948
0.46543637 0.17008843 0.51680126
0.47081892 0.18085352 0.52295274
0.47620147 0.19161861 0.52910422
0.48158401 0.20238370 0.53525570
0.48696656 0.21314879 0.54140718
0.49234910 0.22391388 0.54755866
0.49773165 0.23467897 0.55371014
0.50311420 0.24544406 0.55986162
0.50849674 0.25620915 0.56601310
0.51387929 0.26697425 0.57216458
0.51926183 0.27773934 0.57831606
0.52464438 0.28850443 0.58446754
0.53002693 0.29926952 0.59061902
0.53540947 0.31003461 0.59677050
0.54079202 0.32079970 0.60292198
0.54617456 0.33156479 0.60907346
0.55155711 0.34232988 0.61522494
0.55693966 0.35309497 0.62137642
0.56232220 0.36386006 0.62752790
0.56770475 0.37462515 0.63367938
0.57308729 0.38539024 0.63983086
0.57846984 0.39615533 0.64598234
0.58385239 0.40692042 0.65213382
0.58923493 0.41768551 0.65828530
0.59461748 0.42845060 0.66443678
0.60000002 0.43921569 0.67058825
0.60630529 0.44736640 0.67612459
0.61261056 0.45551711 0.68166092
0.61891582 0.46366783 0.68719725
0.62522109 0.47181854 0.69273358
0.63152636 0.47996925 0.69826991
0.63783162 0.48811996 0.70380625
0.64413689 0.49627067 0.70934258
0.65044216 0.50442139 0.71487891
0.65674743 0.51257210 0.72041524
0.66305269 0.52072281 0.72595157
0.66935796 0.52887352 0.73148791
0.67566323 0.53702423 0.73702424
0.68196849 0.54517495 0.74256057
0.68827376 0.55332566 0.74809690
0.69457903 0.56147637 0.75363323
0.70088429 0.56962708 0.75916956
0.70718956 0.57777779 0.76470590
0.71349483 0.58592850 0.77024223
0.71980009 0.59407922 0.77577856
0.72610536 0.60222993 0.78131489
0.73241063 0.61038064 0.78685122
0.73871589 0.61853135 0.79238756
0.74502116 0.62668206 0.79792389
0.75132643 0.63483278 0.80346022
0.75763169 0.64298349 0.80899655
0.76362939 0.65067284 0.81368705
0.76931951 0.65790083 0.81753173
0.77500963 0.66512882 0.82137640
0.78069974 0.67235681 0.82522108
0.78638986 0.67958479 0.82906575
0.79207998 0.68681278 0.83291043
0.79777010 0.69404077 0.83675510
0.80346022 0.70126876 0.84059978
0.80915034 0.70849675 0.84444445
0.81484046 0.71572474 0.84828913
0.82053058 0.72295273 0.85213380
0.82622069 0.73018072 0.85597848
0.83191081 0.73740870 0.85982315
0.83760093 0.74463669 0.86366783
0.84329105 0.75186468 0.86751250
0.84898117 0.75909267 0.87135718
0.85467129 0.76632066 0.87520185
0.86036141 0.77354865 0.87904653
0.86605153 0.78077664 0.88289120
0.87174165 0.78800463 0.88673588
0.87743176 0.79523262 0.89058055
0.88312188 0.80246060 0.89442523
0.88881200 0.80968859 0.89826990
0.89450212 0.81691658 0.90211458
0.90019224 0.82414457 0.90595925
0.90588236 0.83137256 0.90980393
0.90834295 0.83675510 0.91211073
0.91080354 0.84213765 0.91441754
0.91326413 0.84752019 0.91672434
0.91572473 0.85290274 0.91903115
0.91818532 0.85828528 0.92133795
0.92064591 0.86366783 0.92364476
0.92310650 0.86905037 0.92595156
0.92556709 0.87443292 0.92825837
0.92802769 0.87981546 0.93056517
0.93048828 0.88519801 0.93287198
0.93294887 0.89058055 0.93517878
0.93540946 0.89596310 0.93748559
0.93787005 0.90134564 0.93979239
0.94033065 0.90672819 0.94209920
0.94279124 0.91211073 0.94440600
0.94525183 0.91749328 0.94671281
0.94771242 0.92287582 0.94901961
0.95017301 0.92825837 0.95132642
0.95263361 0.93364091 0.95363322
0.95509420 0.93902346 0.95594003
0.95755479 0.94440600 0.95824683
0.96001538 0.94978855 0.96055364
0.96247597 0.95517109 0.96286044
0.96493656 0.96055364 0.96516725
0.96739716 0.96593618 0.96747405
0.96632065 0.96808920 0.96585929
0.96170704 0.96701269 0.96032296
0.95709343 0.96593618 0.95478662
0.95247982 0.96485967 0.94925029
0.94786621 0.96378316 0.94371396
0.94325260 0.96270665 0.93817763
0.93863899 0.96163014 0.93264130
0.93402538 0.96055364 0.92710496
0.92941177 0.95947713 0.92156863
0.92479816 0.95840062 0.91603230
0.92018455 0.95732411 0.91049597
0.91557094 0.95624760 0.90495964
0.91095733 0.95517109 0.89942330
0.90634372 0.95409458 0.89388697
0.90173011 0.95301807 0.88835064
0.89711650 0.95194156 0.88281431
0.89250289 0.95086505 0.87727798
0.88788928 0.94978855 0.87174165
0.88327567 0.94871204 0.86620531
0.87866206 0.94763553 0.86066898
0.87404845 0.94655902 0.85513265
0.86943484 0.94548251 0.84959632
0.86482123 0.94440600 0.84405999
0.86020762 0.94332949 0.83852365
0.85559401 0.94225298 0.83298732
0.85098040 0.94117647 0.82745099
0.84313726 0.93794695 0.81960785
0.83529413 0.93471742 0.81176472
0.82745099 0.93148789 0.80392158
0.81960785 0.92825837 0.79607844
0.81176472 0.92502884 0.78823531
0.80392158 0.92179931 0.78039217
0.79607844 0.91856979 0.77254903
0.78823531 0.91534026 0.76470590
0.78039217 0.91211073 0.75686276
0.77254903 0.90888120 0.74901962
0.76470590 0.90565168 0.74117649
0.75686276 0.90242215 0.73333335
0.74901962 0.89919262 0.72549021
0.74117649 0.89596310 0.71764708
0.73333335 0.89273357 0.70980394
0.72549021 0.88950404 0.70196080
0.71764708 0.88627452 0.69411767
0.70980394 0.88304499 0.68627453
0.70196080 0.87981546 0.67843139
0.69411767 0.87658594 0.67058825
0.68627453 0.87335641 0.66274512
0.67843139 0.87012688 0.65490198
0.67058825 0.86689736 0.64705884
0.66274512 0.86366783 0.63921571
0.65490198 0.86043830 0.63137257
0.64513651 0.85536333 0.62260671
0.63344869 0.84844292 0.61291813
0.62176088 0.84152250 0.60322955
0.61007307 0.83460209 0.59354097
0.59838526 0.82768167 0.58385238
0.58669744 0.82076126 0.57416380
0.57500963 0.81384084 0.56447522
0.56332182 0.80692043 0.55478664
0.55163400 0.80000001 0.54509806
0.53994619 0.79307960 0.53540947
0.52825838 0.78615918 0.52572089
0.51657057 0.77923877 0.51603231
0.50488275 0.77231835 0.50634373
0.49319494 0.76539794 0.49665515
0.48150713 0.75847752 0.48696656
0.46981931 0.75155711 0.47727798
0.45813150 0.74463669 0.46758940
0.44644369 0.73771628 0.45790082
0.43475588 0.73079586 0.44821224
0.42306806 0.72387545 0.43852366
0.41138025 0.71695503 0.42883507
0.39969244 0.71003462 0.41914649
0.38800462 0.70311420 0.40945791
0.37631681 0.69619379 0.39976933
0.36462900 0.68927337 0.39008075
0.35294119 0.68235296 0.38039216
0.34325260 0.67404846 0.37393311
0.33356402 0.66574396 0.36747406
0.32387544 0.65743946 0.36101500
0.31418686 0.64913496 0.35455595
0.30449828 0.64083047 0.34809689
0.29480970 0.63252597 0.34163784
0.28512111 0.62422147 0.33517878
0.27543253 0.61591697 0.32871973
0.26574395 0.60761247 0.32226067
0.25605537 0.59930797 0.31580162
0.24636679 0.59100347 0.30934257
0.23667821 0.58269897 0.30288351
0.22698962 0.57439447 0.29642446
0.21730104 0.56608997 0.28996540
0.20761246 0.55778548 0.28350635
0.19792388 0.54948098 0.27704729
0.18823530 0.54117648 0.27058824
0.17854672 0.53287198 0.26412918
0.16885813 0.52456748 0.25767013
0.15916955 0.51626298 0.25121108
0.14948097 0.50795848 0.24475202
0.13979239 0.49965398 0.23829297
0.13010381 0.49134948 0.23183391
0.12041523 0.48304499 0.22537486
0.11072664 0.47474049 0.21891580
0.10380623 0.46658978 0.21353326
0.09965398 0.45859285 0.20922722
0.09550173 0.45059593 0.20492119
0.09134948 0.44259900 0.20061515
0.08719723 0.43460208 0.19630911
0.08304498 0.42660516 0.19200308
0.07889273 0.41860823 0.18769704
0.07474049 0.41061131 0.18339101
0.07058824 0.40261438 0.17908497
0.06643599 0.39461746 0.17477893
0.06228374 0.38662054 0.17047290
0.05813149 0.37862361 0.16616686
0.05397924 0.37062669 0.16186082
0.04982699 0.36262977 0.15755479
0.04567474 0.35463284 0.15324875
0.04152249 0.34663592 0.14894272
0.03737024 0.33863899 0.14463668
0.03321799 0.33064207 0.14033064
0.02906574 0.32264515 0.13602461
0.02491350 0.31464822 0.13171857
0.02076125 0.30665130 0.12741253
0.01660900 0.29865438 0.12310650
0.01245675 0.29065745 0.11880046
0.00830450 0.28266053 0.11449443
0.00415225 0.27466360 0.11018839
0.00000000 0.26666668 0.10588235
