1.00000000 0.96862745 0.98431373
0.99766244 0.96604383 0.98296040
0.99532488 0.96346021 0.98160708
0.99298731 0.96087659 0.98025375
0.99064975 0.95829297 0.97890042
0.98831219 0.95570935 0.97754710
0.98597463 0.95312572 0.97619377
0.98363706 0.95054210 0.97484045
0.98129950 0.94795848 0.97348712
0.97896194 0.94537486 0.97213380
0.97662438 0.94279124 0.97078047
0.97428681 0.94020762 0.96942715
0.97194925 0.93762399 0.96807382
0.96961169 0.93504037 0.96672049
0.96727413 0.93245675 0.96536717
0.96493656 0.92987313 0.96401384
0.96259900 0.92728951 0.96266052
0.96026144 0.92470589 0.96130719
0.95792388 0.92212227 0.95995387
0.95558632 0.91953864 0.95860054
0.95324875 0.91695502 0.95724722
0.95091119 0.91437140 0.95589389
0.94857363 0.91178778 0.95454056
0.94623607 0.90920416 0.95318724
0.94389850 0.90662054 0.95183391
0.94156094 0.90403691 0.95048059
0.93922338 0.90145329 0.94912726
0.93688582 0.89886967 0.94777394
0.93454825 0.89628605 0.94642061
0.93221069 0.89370243 0.94506729
0.92987313 0.89111881 0.94371396
0.92753557 0.88853519 0.94236063
0.92505960 0.88601308 0.94102269
0.92161477 0.88392158 0.93979239
0.91816994 0.88183007 0.93856210
0.91472511 0.87973857 0.93733180
0.91128028 0.87764707 0.93610150
0.90783545 0.87555556 0.93487121
0.90439062 0.87346406 0.93364091
0.90094580 0.87137256 0.93241062
0.89750097 0.86928105 0.93118032
0.89405614 0.86718955 0.92995002
0.89061131 0.86509805 0.92871973
0.88716648 0.86300654 0.92748943
0.88372165 0.86091504 0.92625914
0.88027682 0.85882354 0.92502884
0.87683200 0.85673203 0.92379854
0.87338717 0.85464053 0.92256825
0.86994234 0.85254903 0.92133795
0.86649751 0.85045753 0.92010766
0.86305268 0.84836602 0.91887736
0.85960785 0.84627452 0.91764706
0.85616302 0.84418302 0.91641677
0.85271819 0.84209151 0.91518647
0.84927337 0.84000001 0.91395618
0.84582854 0.83790851 0.91272588
0.84238371 0.83581700 0.91149558
0.83893888 0.83372550 0.91026529
0.83549405 0.83163400 0.90903499
0.83204922 0.82954249 0.90780470
0.82860439 0.82745099 0.90657440
0.82515956 0.82535949 0.90534410
0.82171474 0.82326798 0.90411381
0.81826991 0.82117648 0.90288351
0.81439447 0.81899271 0.90162246
0.80922723 0.81653211 0.90026913
0.80405999 0.81407152 0.89891581
0.79889275 0.81161093 0.89756248
0.79372550 0.80915034 0.89620916
0.78855826 0.80668975 0.89485583
0.78339102 0.80422915 0.89350251
0.77822377 0.80176856 0.89214918
0.77305653 0.79930797 0.89079585
0.76788929 0.79684738 0.88944253
0.76272204 0.79438679 0.88808920
0.75755480 0.79192619 0.88673588
0.75238756 0.78946560 0.88538255
0.74722031 0.78700501 0.88402923
0.74205307 0.78454442 0.88267590
0.73688583 0.78208383 0.88132258
0.73171859 0.77962323 0.87996925
0.72655134 0.77716264 0.87861592
0.72138410 0.77470205 0.87726260
0.71621686 0.77224146 0.87590927
0.71104961 0.76978087 0.87455595
0.70588237 0.76732028 0.87320262
0.70071513 0.76485968 0.87184930
0.69554788 0.76239909 0.87049597
0.69038064 0.75993850 0.86914265
0.68521340 0.75747791 0.86778932
0.68004616 0.75501732 0.86643599
0.67487891 0.75255672 0.86508267
0.66971167 0.75009613 0.86372934
0.66454443 0.74763554 0.86237602
0.65937718 0.74517495 0.86102269
0.65420994 0.74271436 0.85966937
0.64807384 0.74025376 0.85826990
0.64032297 0.73779317 0.85679355
0.63257211 0.73533258 0.85531719
0.62482124 0.73287199 0.85384084
0.61707038 0.73041140 0.85236448
0.60931951 0.72795080 0.85088813
0.60156865 0.72549021 0.84941177
0.59381778 0.72302962 0.84793542
0.58606691 0.72056903 0.84645906
0.57831605 0.71810844 0.84498271
0.57056518 0.71564784 0.84350635
0.56281432 0.71318725 0.84203000
0.55506345 0.71072666 0.84055364
0.54731259 0.70826607 0.83907729
0.53956172 0.70580548 0.83760093
0.53181086 0.70334489 0.83612458
0.52405999 0.70088429 0.83464822
0.51630912 0.69842370 0.83317187
0.50855826 0.69596311 0.83169551
0.50080739 0.69350252 0.83021916
0.49305653 0.69104193 0.82874280
0.48530566 0.68858133 0.82726645
0.47755480 0.68612074 0.82579009
0.46980393 0.68366015 0.82431374
0.46205307 0.68119956 0.82283738
0.45430220 0.67873897 0.82136103
0.44655133 0.67627837 0.81988467
0.43880047 0.67381778 0.81840832
0.43104960 0.67135719 0.81693196
0.42329874 0.66889660 0.81545561
0.41554787 0.66643601 0.81397925
0.40779701 0.66397541 0.81250289
0.40090735 0.66120725 0.81084200
0.39487890 0.65813151 0.80899655
0.38885045 0.65505577 0.80715111
0.38282200 0.65198003 0.80530566
0.37679355 0.64890429 0.80346022
0.37076510 0.64582855 0.80161478
0.36473664 0.64275281 0.79976933
0.35870819 0.63967707 0.79792389
0.35267974 0.63660133 0.79607844
0.34665129 0.63352559 0.79423300
0.34062284 0.63044985 0.79238756
0.33459439 0.62737411 0.79054211
0.32856594 0.62429837 0.78869667
0.32253749 0.62122263 0.78685122
0.31650904 0.61814689 0.78500578
0.31048059 0.61507115 0.78316034
0.30445214 0.61199541 0.78131489
0.29842369 0.60891967 0.77946945
0.29239524 0.60584393 0.77762400
0.28636679 0.60276819 0.77577856
0.28033833 0.59969245 0.77393312
0.27430988 0.59661671 0.77208767
0.26828143 0.59354097 0.77024223
0.26225298 0.59046523 0.76839678
0.25622453 0.58738949 0.76655134
0.25019608 0.58431375 0.76470590
0.24416763 0.58123801 0.76286045
0.23813918 0.57816227 0.76101501
0.23211073 0.57508653 0.75916956
0.22608228 0.57201079 0.75732412
0.22005383 0.56893505 0.75547868
0.21402538 0.56585931 0.75363323
0.20776625 0.56355251 0.74878894
0.20136871 0.56170706 0.74214534
0.19497117 0.55986162 0.73550175
0.18857363 0.55801617 0.72885815
0.18217609 0.55617073 0.72221455
0.17577855 0.55432529 0.71557095
0.16938101 0.55247984 0.70892735
0.16298347 0.55063440 0.70228375
0.15658593 0.54878895 0.69564016
0.15018839 0.54694351 0.68899656
0.14379085 0.54509807 0.68235296
0.13739331 0.54325262 0.67570936
0.13099577 0.54140718 0.66906576
0.12459823 0.53956173 0.66242217
0.11820069 0.53771629 0.65577857
0.11180315 0.53587085 0.64913497
0.10540561 0.53402540 0.64249137
0.09900808 0.53217996 0.63584777
0.09261054 0.53033451 0.62920417
0.08621300 0.52848907 0.62256058
0.07981546 0.52664363 0.61591698
0.07341792 0.52479818 0.60927338
0.06702038 0.52295274 0.60262978
0.06062284 0.52110729 0.59598618
0.05422530 0.51926185 0.58934259
0.04782776 0.51741641 0.58269899
0.04143022 0.51557096 0.57605539
0.03503268 0.51372552 0.56941179
0.02863514 0.51188008 0.56276819
0.02223760 0.51003463 0.55612459
0.01584006 0.50818919 0.54948100
0.00944252 0.50634374 0.54283740
0.00775087 0.50394467 0.53665516
0.00762784 0.50136104 0.53062671
0.00750481 0.49877742 0.52459826
0.00738178 0.49619380 0.51856981
0.00725875 0.49361018 0.51254135
0.00713572 0.49102655 0.50651290
0.00701269 0.48844293 0.50048445
0.00688966 0.48585931 0.49445600
0.00676663 0.48327569 0.48842755
0.00664360 0.48069206 0.48239910
0.00652057 0.47810844 0.47637065
0.00639754 0.47552482 0.47034220
0.00627451 0.47294120 0.46431375
0.00615148 0.47035757 0.45828529
0.00602845 0.46777395 0.45225684
0.00590542 0.46519033 0.44622839
0.00578239 0.46260671 0.44019994
0.00565936 0.46002308 0.43417149
0.00553633 0.45743946 0.42814304
0.00541330 0.45485584 0.42211459
0.00529027 0.45227222 0.41608614
0.00516724 0.44968859 0.41005768
0.00504421 0.44710497 0.40402923
0.00492118 0.44452135 0.39800078
0.00479815 0.44193773 0.39197233
0.00467513 0.43935410 0.38594388
0.00455210 0.43677048 0.37991543
0.00442907 0.43418686 0.37388698
0.00430604 0.43160324 0.36785853
0.00418301 0.42901961 0.36183008
0.00405998 0.42643599 0.35580162
0.00393695 0.42385237 0.34977317
0.00392157 0.41943868 0.34525184
0.00392157 0.41476356 0.34094580
0.00392157 0.41008843 0.33663976
0.00392157 0.40541331 0.33233373
0.00392157 0.40073818 0.32802769
0.00392157 0.39606306 0.32372165
0.00392157 0.39138793 0.31941562
0.00392157 0.38671281 0.31510958
0.00392157 0.38203768 0.31080354
0.00392157 0.37736256 0.30649751
0.00392157 0.37268744 0.30219147
0.00392157 0.36801231 0.29788544
0.00392157 0.36333719 0.29357940
0.00392157 0.35866206 0.28927336
0.00392157 0.35398694 0.28496733
0.00392157 0.34931181 0.28066129
0.00392157 0.34463669 0.27635525
0.00392157 0.33996156 0.27204922
0.00392157 0.33528644 0.26774318
0.00392157 0.33061131 0.26343714
0.00392157 0.32593619 0.25913111
0.00392157 0.32126106 0.25482507
0.00392157 0.31658594 0.25051904
0.00392157 0.31191081 0.24621300
0.00392157 0.30723569 0.24190696
0.00392157 0.30256057 0.23760093
0.00392157 0.29788544 0.23329489
0.00392157 0.29321032 0.22898885
0.00392157 0.28853519 0.22468282
0.00392157 0.28386007 0.22037678
0.00392157 0.27918494 0.21607074
0.00392157 0.27450982 0.21176471
