0.49803922 0.23137255 0.03137255
0.50603614 0.23583237 0.03106498
0.51403307 0.24029220 0.03075740
0.52202999 0.24475202 0.03044983
0.53002692 0.24921184 0.03014225
0.53802384 0.25367167 0.02983468
0.54602077 0.25813149 0.02952711
0.55401769 0.26259131 0.02921953
0.56201462 0.26705114 0.02891196
0.57001154 0.27151096 0.02860438
0.57800847 0.27597078 0.02829681
0.58600539 0.28043061 0.02798924
0.59400232 0.28489043 0.02768166
0.60199924 0.28935026 0.02737409
0.60999617 0.29381008 0.02706651
0.61799309 0.29826990 0.02675894
0.62599002 0.30272973 0.02645137
0.63398694 0.30718955 0.02614379
0.64198386 0.31164937 0.02583622
0.64998079 0.31610920 0.02552864
0.65797771 0.32056902 0.02522107
0.66597464 0.32502884 0.02491350
0.67397156 0.32948867 0.02460592
0.68196849 0.33394849 0.02429835
0.68996541 0.33840831 0.02399077
0.69796234 0.34286814 0.02368320
0.70542101 0.34832758 0.02460592
0.71234142 0.35478663 0.02675894
0.71926184 0.36124569 0.02891196
0.72618225 0.36770474 0.03106498
0.73310267 0.37416380 0.03321799
0.74002308 0.38062285 0.03537101
0.74694350 0.38708191 0.03752403
0.75386391 0.39354096 0.03967705
0.76078433 0.40000002 0.04183007
0.76770474 0.40645907 0.04398308
0.77462516 0.41291813 0.04613610
0.78154557 0.41937718 0.04828912
0.78846599 0.42583624 0.05044214
0.79538640 0.43229529 0.05259516
0.80230682 0.43875435 0.05474818
0.80922723 0.44521340 0.05690119
0.81614765 0.45167246 0.05905421
0.82306806 0.45813151 0.06120723
0.82998848 0.46459057 0.06336025
0.83690889 0.47104962 0.06551327
0.84382931 0.47750868 0.06766628
0.85074972 0.48396773 0.06981930
0.85767014 0.49042679 0.07197232
0.86459055 0.49688584 0.07412534
0.87151096 0.50334490 0.07627836
0.87843138 0.50980395 0.07843138
0.88289120 0.51810845 0.09058055
0.88735103 0.52641295 0.10272972
0.89181085 0.53471744 0.11487890
0.89627067 0.54302194 0.12702807
0.90073049 0.55132644 0.13917724
0.90519032 0.55963094 0.15132642
0.90965014 0.56793544 0.16347559
0.91410996 0.57623993 0.17562476
0.91856979 0.58454443 0.18777394
0.92302961 0.59284893 0.19992311
0.92748943 0.60115343 0.21207228
0.93194925 0.60945792 0.22422146
0.93640908 0.61776242 0.23637063
0.94086890 0.62606692 0.24851980
0.94532872 0.63437142 0.26066898
0.94978855 0.64267592 0.27281815
0.95424837 0.65098041 0.28496733
0.95870819 0.65928491 0.29711650
0.96316801 0.66758941 0.30926567
0.96762784 0.67589391 0.32141485
0.97208766 0.68419840 0.33356402
0.97654748 0.69250290 0.34571319
0.98100731 0.70080740 0.35786237
0.98546713 0.70911190 0.37001154
0.98992695 0.71741640 0.38216071
0.99223376 0.72464438 0.39461746
0.99238754 0.73079586 0.40738178
0.99254133 0.73694734 0.42014611
0.99269512 0.74309882 0.43291043
0.99284890 0.74925030 0.44567475
0.99300269 0.75540178 0.45843907
0.99315648 0.76155326 0.47120339
0.99331027 0.76770474 0.48396771
0.99346405 0.77385622 0.49673204
0.99361784 0.78000770 0.50949636
0.99377163 0.78615918 0.52226068
0.99392541 0.79231066 0.53502500
0.99407920 0.79846214 0.54778932
0.99423299 0.80461362 0.56055365
0.99438677 0.81076510 0.57331797
0.99454056 0.81691658 0.58608229
0.99469435 0.82306806 0.59884661
0.99484814 0.82921954 0.61161093
0.99500192 0.83537102 0.62437525
0.99515571 0.84152250 0.63713958
0.99530950 0.84767398 0.64990390
0.99546328 0.85382546 0.66266822
0.99561707 0.85997694 0.67543254
0.99577086 0.86612842 0.68819686
0.99592464 0.87227990 0.70096119
0.99607843 0.87843138 0.71372551
0.99500192 0.88196848 0.72372166
0.99392541 0.88550558 0.73371782
0.99284890 0.88904268 0.74371397
0.99177240 0.89257978 0.75371013
0.99069589 0.89611688 0.76370628
0.98961938 0.89965399 0.77370244
0.98854287 0.90319109 0.78369859
0.98746636 0.90672819 0.79369475
0.98638985 0.91026529 0.80369090
0.98531334 0.91380239 0.81368705
0.98423683 0.91733949 0.82368321
0.98316032 0.92087659 0.83367936
0.98208381 0.92441369 0.84367552
0.98100731 0.92795079 0.85367167
0.97993080 0.93148789 0.86366783
0.97885429 0.93502499 0.87366398
0.97777778 0.93856210 0.88366014
0.97670127 0.94209920 0.89365629
0.97562476 0.94563630 0.90365245
0.97454825 0.94917340 0.91364860
0.97347174 0.95271050 0.92364476
0.97239523 0.95624760 0.93364091
0.97131873 0.95978470 0.94363707
0.97024222 0.96332180 0.95363322
0.96916571 0.96685890 0.96362938
0.96624375 0.96639754 0.96770473
0.96147636 0.96193772 0.96585929
0.95670896 0.95747790 0.96401384
0.95194156 0.95301807 0.96216840
0.94717417 0.94855825 0.96032296
0.94240677 0.94409843 0.95847751
0.93763937 0.93963860 0.95663207
0.93287198 0.93517878 0.95478662
0.92810458 0.93071896 0.95294118
0.92333718 0.92625914 0.95109574
0.91856979 0.92179931 0.94925029
0.91380239 0.91733949 0.94740485
0.90903499 0.91287967 0.94555940
0.90426760 0.90841984 0.94371396
0.89950020 0.90396002 0.94186852
0.89473280 0.89950020 0.94002307
0.88996540 0.89504038 0.93817763
0.88519801 0.89058055 0.93633218
0.88043061 0.88612073 0.93448674
0.87566321 0.88166091 0.93264130
0.87089582 0.87720108 0.93079585
0.86612842 0.87274126 0.92895041
0.86136102 0.86828144 0.92710496
0.85659363 0.86382162 0.92525952
0.85182623 0.85936179 0.92341408
0.84705883 0.85490197 0.92156863
0.84121493 0.84767398 0.91772396
0.83537102 0.84044599 0.91387928
0.82952712 0.83321800 0.91003461
0.82368321 0.82599001 0.90618993
0.81783930 0.81876203 0.90234526
0.81199540 0.81153404 0.89850058
0.80615149 0.80430605 0.89465591
0.80030759 0.79707806 0.89081123
0.79446368 0.78985007 0.88696656
0.78861977 0.78262208 0.88312188
0.78277587 0.77539409 0.87927721
0.77693196 0.76816610 0.87543253
0.77108806 0.76093811 0.87158786
0.76524415 0.75371013 0.86774318
0.75940025 0.74648214 0.86389851
0.75355634 0.73925415 0.86005383
0.74771243 0.73202616 0.85620916
0.74186853 0.72479817 0.85236448
0.73602462 0.71757018 0.84851981
0.73018072 0.71034219 0.84467513
0.72433681 0.70311420 0.84083046
0.71849290 0.69588622 0.83698578
0.71264900 0.68865823 0.83314111
0.70680509 0.68143024 0.82929643
0.70096119 0.67420225 0.82545176
0.69419456 0.66628222 0.82060747
0.68650521 0.65767015 0.81476356
0.67881586 0.64905807 0.80891966
0.67112651 0.64044600 0.80307575
0.66343716 0.63183393 0.79723185
0.65574781 0.62322185 0.79138794
0.64805846 0.61460978 0.78554403
0.64036911 0.60599771 0.77970013
0.63267976 0.59738563 0.77385622
0.62499041 0.58877356 0.76801232
0.61730106 0.58016149 0.76216841
0.60961171 0.57154942 0.75632451
0.60192236 0.56293734 0.75048060
0.59423301 0.55432527 0.74463669
0.58654366 0.54571320 0.73879279
0.57885431 0.53710112 0.73294888
0.57116496 0.52848905 0.72710498
0.56347561 0.51987698 0.72126107
0.55578626 0.51126491 0.71541716
0.54809691 0.50265283 0.70957326
0.54040756 0.49404076 0.70372935
0.53271821 0.48542869 0.69788545
0.52502886 0.47681661 0.69204154
0.51733951 0.46820454 0.68619764
0.50965016 0.45959247 0.68035373
0.50196081 0.45098040 0.67450982
0.49519419 0.43929258 0.66897349
0.48842756 0.42760477 0.66343716
0.48166093 0.41591696 0.65790083
0.47489430 0.40422915 0.65236450
0.46812767 0.39254133 0.64682816
0.46136104 0.38085352 0.64129183
0.45459441 0.36916571 0.63575550
0.44782778 0.35747790 0.63021917
0.44106115 0.34579008 0.62468284
0.43429452 0.33410227 0.61914650
0.42752790 0.32241446 0.61361017
0.42076127 0.31072665 0.60807384
0.41399464 0.29903884 0.60253751
0.40722801 0.28735102 0.59700118
0.40046138 0.27566321 0.59146485
0.39369475 0.26397540 0.58592851
0.38692812 0.25228759 0.58039218
0.38016149 0.24059977 0.57485585
0.37339486 0.22891196 0.56931952
0.36662823 0.21722415 0.56378319
0.35986161 0.20553634 0.55824685
0.35309498 0.19384853 0.55271052
0.34632835 0.18216071 0.54717419
0.33956172 0.17047290 0.54163786
0.33279509 0.15878509 0.53610153
0.32641293 0.14994234 0.52864286
0.32041523 0.14394464 0.51926185
0.31441754 0.13794695 0.50988084
0.30841985 0.13194926 0.50049983
0.30242215 0.12595156 0.49111883
0.29642446 0.11995387 0.48173782
0.29042677 0.11395618 0.47235681
0.28442907 0.10795848 0.46297580
0.27843138 0.10196079 0.45359479
0.27243369 0.09596309 0.44421379
0.26643599 0.08996540 0.43483278
0.26043830 0.08396771 0.42545177
0.25444061 0.07797001 0.41607076
0.24844291 0.07197232 0.40668975
0.24244522 0.06597463 0.39730875
0.23644753 0.05997693 0.38792774
0.23044983 0.05397924 0.37854673
0.22445214 0.04798155 0.36916572
0.21845445 0.04198385 0.35978471
0.21245675 0.03598616 0.35040371
0.20645906 0.02998847 0.34102270
0.20046137 0.02399077 0.33164169
0.19446367 0.01799308 0.32226068
0.18846598 0.01199539 0.31287968
0.18246829 0.00599769 0.30349867
0.17647059 0.00000000 0.29411766
