0.96862745 0.95686275 0.97647059
0.96665898 0.95452519 0.97524029
0.96469051 0.95218762 0.97401000
0.96272203 0.94985006 0.97277970
0.96075356 0.94751250 0.97154941
0.95878509 0.94517494 0.97031911
0.95681661 0.94283737 0.96908881
0.95484814 0.94049981 0.96785852
0.95287966 0.93816225 0.96662822
0.95091119 0.93582469 0.96539793
0.94894272 0.93348712 0.96416763
0.94697424 0.93114956 0.96293733
0.94500577 0.92881200 0.96170704
0.94303730 0.92647444 0.96047674
0.94106882 0.92413687 0.95924645
0.93910035 0.92179931 0.95801615
0.93713188 0.91946175 0.95678585
0.93516340 0.91712419 0.95555556
0.93319493 0.91478663 0.95432526
0.93122646 0.91244906 0.95309497
0.92925798 0.91011150 0.95186467
0.92728951 0.90777394 0.95063437
0.92532103 0.90543638 0.94940408
0.92335256 0.90309881 0.94817378
0.92138409 0.90076125 0.94694349
0.91941561 0.89842369 0.94571319
0.91744714 0.89608613 0.94448289
0.91547867 0.89374856 0.94325260
0.91351019 0.89141100 0.94202230
0.91154172 0.88907344 0.94079201
0.90957325 0.88673588 0.93956171
0.90760477 0.88439832 0.93833141
0.90559016 0.88173780 0.93693195
0.90325260 0.87681662 0.93434833
0.90091504 0.87189543 0.93176471
0.89857748 0.86697425 0.92918109
0.89623991 0.86205306 0.92659747
0.89390235 0.85713188 0.92401385
0.89156479 0.85221070 0.92143022
0.88922723 0.84728951 0.91884660
0.88688966 0.84236833 0.91626298
0.88455210 0.83744715 0.91367936
0.88221454 0.83252596 0.91109574
0.87987698 0.82760478 0.90851212
0.87753942 0.82268359 0.90592849
0.87520185 0.81776241 0.90334487
0.87286429 0.81284123 0.90076125
0.87052673 0.80792004 0.89817763
0.86818917 0.80299886 0.89559401
0.86585160 0.79807767 0.89301039
0.86351404 0.79315649 0.89042677
0.86117648 0.78823531 0.88784314
0.85883892 0.78331412 0.88525952
0.85650135 0.77839294 0.88267590
0.85416379 0.77347176 0.88009228
0.85182623 0.76855057 0.87750866
0.84948867 0.76362939 0.87492504
0.84715110 0.75870820 0.87234141
0.84481354 0.75378702 0.86975779
0.84247598 0.74886584 0.86717417
0.84013842 0.74394465 0.86459055
0.83780086 0.73902347 0.86200693
0.83546329 0.73410228 0.85942331
0.83312573 0.72918110 0.85683969
0.83103423 0.72435219 0.85431758
0.82968090 0.71980009 0.85198002
0.82832758 0.71524800 0.84964245
0.82697425 0.71069590 0.84730489
0.82562093 0.70614381 0.84496733
0.82426760 0.70159171 0.84262977
0.82291427 0.69703962 0.84029220
0.82156095 0.69248752 0.83795464
0.82020762 0.68793543 0.83561708
0.81885430 0.68338333 0.83327952
0.81750097 0.67883124 0.83094196
0.81614765 0.67427914 0.82860439
0.81479432 0.66972705 0.82626683
0.81344100 0.66517495 0.82392927
0.81208767 0.66062286 0.82159171
0.81073434 0.65607076 0.81925414
0.80938102 0.65151867 0.81691658
0.80802769 0.64696657 0.81457902
0.80667437 0.64241448 0.81224146
0.80532104 0.63786238 0.80990389
0.80396772 0.63331029 0.80756633
0.80261439 0.62875819 0.80522877
0.80126107 0.62420610 0.80289121
0.79990774 0.61965400 0.80055365
0.79855441 0.61510191 0.79821608
0.79720109 0.61054981 0.79587852
0.79584776 0.60599772 0.79354096
0.79449444 0.60144562 0.79120340
0.79314111 0.59689353 0.78886583
0.79178779 0.59234143 0.78652827
0.79043446 0.58778934 0.78419071
0.78908114 0.58323724 0.78185315
0.78925030 0.57822378 0.77933104
0.79195695 0.57244139 0.77650136
0.79466360 0.56665900 0.77367168
0.79737025 0.56087661 0.77084200
0.80007691 0.55509422 0.76801232
0.80278356 0.54931182 0.76518264
0.80549021 0.54352943 0.76235296
0.80819686 0.53774704 0.75952327
0.81090351 0.53196465 0.75669359
0.81361016 0.52618226 0.75386391
0.81631681 0.52039987 0.75103423
0.81902346 0.51461747 0.74820455
0.82173011 0.50883508 0.74537487
0.82443677 0.50305269 0.74254519
0.82714342 0.49727030 0.73971551
0.82985007 0.49148791 0.73688583
0.83255672 0.48570551 0.73405615
0.83526337 0.47992312 0.73122647
0.83797002 0.47414073 0.72839679
0.84067667 0.46835834 0.72556711
0.84338332 0.46257595 0.72273743
0.84608997 0.45679355 0.71990774
0.84879663 0.45101116 0.71707806
0.85150328 0.44522877 0.71424838
0.85420993 0.43944638 0.71141870
0.85691658 0.43366399 0.70858902
0.85962323 0.42788159 0.70575934
0.86232988 0.42209920 0.70292966
0.86503653 0.41631681 0.70009998
0.86774318 0.41053442 0.69727030
0.87044983 0.40475203 0.69444062
0.87315649 0.39896963 0.69161094
0.87500193 0.39238755 0.68785853
0.87598617 0.38500577 0.68318341
0.87697040 0.37762400 0.67850829
0.87795464 0.37024222 0.67383316
0.87893888 0.36286044 0.66915804
0.87992311 0.35547867 0.66448291
0.88090735 0.34809689 0.65980779
0.88189159 0.34071512 0.65513266
0.88287582 0.33333334 0.65045754
0.88386006 0.32595156 0.64578241
0.88484430 0.31856979 0.64110729
0.88582853 0.31118801 0.63643216
0.88681277 0.30380623 0.63175704
0.88779701 0.29642446 0.62708191
0.88878124 0.28904268 0.62240679
0.88976548 0.28166091 0.61773166
0.89074972 0.27427913 0.61305654
0.89173395 0.26689735 0.60838142
0.89271819 0.25951558 0.60370629
0.89370243 0.25213380 0.59903117
0.89468667 0.24475202 0.59435604
0.89567090 0.23737025 0.58968092
0.89665514 0.22998847 0.58500579
0.89763938 0.22260670 0.58033067
0.89862361 0.21522492 0.57565554
0.89960785 0.20784314 0.57098042
0.90059209 0.20046137 0.56630529
0.90157632 0.19307959 0.56163017
0.90256056 0.18569781 0.55695504
0.90354480 0.17831604 0.55227992
0.90452903 0.17093426 0.54760479
0.90551327 0.16355249 0.54292967
0.90396002 0.15901577 0.53717804
0.90088428 0.15618609 0.53078050
0.89780854 0.15335641 0.52438296
0.89473280 0.15052673 0.51798542
0.89165706 0.14769704 0.51158788
0.88858132 0.14486736 0.50519034
0.88550558 0.14203768 0.49879280
0.88242984 0.13920800 0.49239526
0.87935410 0.13637832 0.48599772
0.87627836 0.13354864 0.47960018
0.87320262 0.13071896 0.47320264
0.87012688 0.12788928 0.46680510
0.86705114 0.12505960 0.46040756
0.86397540 0.12222992 0.45401002
0.86089966 0.11940024 0.44761248
0.85782392 0.11657055 0.44121494
0.85474818 0.11374087 0.43481740
0.85167244 0.11091119 0.42841986
0.84859670 0.10808151 0.42202232
0.84552096 0.10525183 0.41562478
0.84244522 0.10242215 0.40922724
0.83936948 0.09959247 0.40282970
0.83629374 0.09676279 0.39643216
0.83321800 0.09393311 0.39003462
0.83014226 0.09110343 0.38363708
0.82706652 0.08827374 0.37723954
0.82399078 0.08544406 0.37084200
0.82091504 0.08261438 0.36444446
0.81783930 0.07978470 0.35804692
0.81476356 0.07695502 0.35164938
0.81168782 0.07412534 0.34525184
0.80861208 0.07129566 0.33885430
0.80286045 0.06892734 0.33550174
0.79621685 0.06671281 0.33316418
0.78957325 0.06449827 0.33082662
0.78292966 0.06228374 0.32848905
0.77628606 0.06006921 0.32615149
0.76964246 0.05785467 0.32381393
0.76299886 0.05564014 0.32147637
0.75635526 0.05342561 0.31913880
0.74971166 0.05121108 0.31680124
0.74306807 0.04899654 0.31446368
0.73642447 0.04678201 0.31212612
0.72978087 0.04456748 0.30978855
0.72313727 0.04235294 0.30745099
0.71649367 0.04013841 0.30511343
0.70985007 0.03792388 0.30277587
0.70320648 0.03570934 0.30043830
0.69656288 0.03349481 0.29810074
0.68991928 0.03128028 0.29576318
0.68327568 0.02906575 0.29342562
0.67663208 0.02685121 0.29108806
0.66998849 0.02463668 0.28875049
0.66334489 0.02242215 0.28641293
0.65670129 0.02020761 0.28407537
0.65005769 0.01799308 0.28173781
0.64341409 0.01577855 0.27940024
0.63677049 0.01356401 0.27706268
0.63012690 0.01134948 0.27472512
0.62348330 0.00913495 0.27238756
0.61683970 0.00692042 0.27004999
0.61019610 0.00470588 0.26771243
0.60355250 0.00249135 0.26537487
0.59690891 0.00027682 0.26303731
0.59080356 0.00000000 0.25886968
0.58477511 0.00000000 0.25444061
0.57874666 0.00000000 0.25001155
0.57271821 0.00000000 0.24558248
0.56668976 0.00000000 0.24115341
0.56066130 0.00000000 0.23672435
0.55463285 0.00000000 0.23229528
0.54860440 0.00000000 0.22786622
0.54257595 0.00000000 0.22343715
0.53654750 0.00000000 0.21900808
0.53051905 0.00000000 0.21457902
0.52449060 0.00000000 0.21014995
0.51846215 0.00000000 0.20572089
0.51243370 0.00000000 0.20129182
0.50640524 0.00000000 0.19686275
0.50037679 0.00000000 0.19243369
0.49434834 0.00000000 0.18800462
0.48831989 0.00000000 0.18357555
0.48229144 0.00000000 0.17914649
0.47626299 0.00000000 0.17471742
0.47023454 0.00000000 0.17028836
0.46420609 0.00000000 0.16585929
0.45817763 0.00000000 0.16143022
0.45214918 0.00000000 0.15700116
0.44612073 0.00000000 0.15257209
0.44009228 0.00000000 0.14814302
0.43406383 0.00000000 0.14371396
0.42803538 0.00000000 0.13928489
0.42200693 0.00000000 0.13485583
0.41597848 0.00000000 0.13042676
0.40995003 0.00000000 0.12599769
0.40392157 0.00000000 0.12156863
