0.40392157 0.00000000 0.12156863
0.41545560 0.00369089 0.12341407
0.42698963 0.00738178 0.12525952
0.43852365 0.01107266 0.12710496
0.45005768 0.01476355 0.12895040
0.46159170 0.01845444 0.13079585
0.47312573 0.02214533 0.13264129
0.48465976 0.02583622 0.13448674
0.49619378 0.02952711 0.13633218
0.50772781 0.03321799 0.13817763
0.51926183 0.03690888 0.14002307
0.53079586 0.04059977 0.14186851
0.54232988 0.04429066 0.14371396
0.55386391 0.04798155 0.14555940
0.56539794 0.05167243 0.14740485
0.57693196 0.05536332 0.14925029
0.58846599 0.05905421 0.15109574
0.60000001 0.06274510 0.15294118
0.61153404 0.06643599 0.15478662
0.62306807 0.07012688 0.15663207
0.63460209 0.07381776 0.15847751
0.64613612 0.07750865 0.16032296
0.65767014 0.08119954 0.16216840
0.66920417 0.08489043 0.16401385
0.68073819 0.08858132 0.16585929
0.69227222 0.09227220 0.16770473
0.70080740 0.09965398 0.17124184
0.70634373 0.11072665 0.17647059
0.71188006 0.12179931 0.18169935
0.71741640 0.13287197 0.18692811
0.72295273 0.14394464 0.19215687
0.72848906 0.15501730 0.19738563
0.73402539 0.16608997 0.20261439
0.73956172 0.17716263 0.20784314
0.74509805 0.18823530 0.21307190
0.75063439 0.19930796 0.21830066
0.75617072 0.21038063 0.22352942
0.76170705 0.22145329 0.22875818
0.76724338 0.23252596 0.23398694
0.77277971 0.24359862 0.23921569
0.77831605 0.25467129 0.24444445
0.78385238 0.26574395 0.24967321
0.78938871 0.27681661 0.25490197
0.79492504 0.28788928 0.26013073
0.80046137 0.29896194 0.26535949
0.80599770 0.31003461 0.27058825
0.81153404 0.32110727 0.27581700
0.81707037 0.33217994 0.28104576
0.82260670 0.34325260 0.28627452
0.82814303 0.35432527 0.29150328
0.83367936 0.36539793 0.29673204
0.83921570 0.37647060 0.30196080
0.84382931 0.38708190 0.31011151
0.84844292 0.39769320 0.31826222
0.85305653 0.40830451 0.32641293
0.85767014 0.41891581 0.33456364
0.86228375 0.42952712 0.34271436
0.86689736 0.44013842 0.35086507
0.87151096 0.45074972 0.35901578
0.87612457 0.46136103 0.36716649
0.88073818 0.47197233 0.37531720
0.88535179 0.48258363 0.38346792
0.88996540 0.49319494 0.39161863
0.89457901 0.50380624 0.39976934
0.89919262 0.51441755 0.40792005
0.90380623 0.52502885 0.41607076
0.90841984 0.53564015 0.42422148
0.91303345 0.54625146 0.43237219
0.91764706 0.55686276 0.44052290
0.92226067 0.56747407 0.44867361
0.92687428 0.57808537 0.45682432
0.93148789 0.58869667 0.46497504
0.93610150 0.59930798 0.47312575
0.94071511 0.60991928 0.48127646
0.94532872 0.62053058 0.48942717
0.94994233 0.63114189 0.49757788
0.95455594 0.64175319 0.50572859
0.95755479 0.65121109 0.51510960
0.95893887 0.65951559 0.52572090
0.96032296 0.66782009 0.53633221
0.96170704 0.67612459 0.54694351
0.96309112 0.68442908 0.55755481
0.96447520 0.69273358 0.56816612
0.96585929 0.70103808 0.57877742
0.96724337 0.70934258 0.58938872
0.96862745 0.71764708 0.60000002
0.97001154 0.72595157 0.61061133
0.97139562 0.73425607 0.62122263
0.97277970 0.74256057 0.63183393
0.97416378 0.75086507 0.64244523
0.97554787 0.75916956 0.65305654
0.97693195 0.76747406 0.66366784
0.97831603 0.77577856 0.67427914
0.97970012 0.78408306 0.68489045
0.98108420 0.79238756 0.69550175
0.98246828 0.80069205 0.70611305
0.98385237 0.80899655 0.71672435
0.98523645 0.81730105 0.72733566
0.98662053 0.82560555 0.73794696
0.98800461 0.83391004 0.74855826
0.98938870 0.84221454 0.75916956
0.99077278 0.85051904 0.76978087
0.99215686 0.85882354 0.78039217
0.99246444 0.86435987 0.78900424
0.99277201 0.86989620 0.79761631
0.99307959 0.87543253 0.80622839
0.99338716 0.88096887 0.81484046
0.99369473 0.88650520 0.82345253
0.99400231 0.89204153 0.83206460
0.99430988 0.89757786 0.84067667
0.99461746 0.90311419 0.84928874
0.99492503 0.90865052 0.85790082
0.99523260 0.91418686 0.86651289
0.99554018 0.91972319 0.87512496
0.99584775 0.92525952 0.88373703
0.99615533 0.93079585 0.89234910
0.99646290 0.93633218 0.90096117
0.99677047 0.94186852 0.90957325
0.99707805 0.94740485 0.91818532
0.99738562 0.95294118 0.92679739
0.99769320 0.95847751 0.93540946
0.99800077 0.96401384 0.94402153
0.99830834 0.96955017 0.95263361
0.99861592 0.97508651 0.96124568
0.99892349 0.98062284 0.96985775
0.99923107 0.98615917 0.97846982
0.99953864 0.99169550 0.98708189
0.99984621 0.99723183 0.99569396
0.99761630 0.99761630 0.99761630
0.99284890 0.99284890 0.99284890
0.98808151 0.98808151 0.98808151
0.98331411 0.98331411 0.98331411
0.97854671 0.97854671 0.97854671
0.97377932 0.97377932 0.97377932
0.96901192 0.96901192 0.96901192
0.96424452 0.96424452 0.96424452
0.95947713 0.95947713 0.95947713
0.95470973 0.95470973 0.95470973
0.94994233 0.94994233 0.94994233
0.94517494 0.94517494 0.94517494
0.94040754 0.94040754 0.94040754
0.93564014 0.93564014 0.93564014
0.93087275 0.93087275 0.93087275
0.92610535 0.92610535 0.92610535
0.92133795 0.92133795 0.92133795
0.91657055 0.91657055 0.91657055
0.91180316 0.91180316 0.91180316
0.90703576 0.90703576 0.90703576
0.90226836 0.90226836 0.90226836
0.89750097 0.89750097 0.89750097
0.89273357 0.89273357 0.89273357
0.88796617 0.88796617 0.88796617
0.88319878 0.88319878 0.88319878
0.87843138 0.87843138 0.87843138
0.87258747 0.87258747 0.87258747
0.86674357 0.86674357 0.86674357
0.86089966 0.86089966 0.86089966
0.85505576 0.85505576 0.85505576
0.84921185 0.84921185 0.84921185
0.84336794 0.84336794 0.84336794
0.83752404 0.83752404 0.83752404
0.83168013 0.83168013 0.83168013
0.82583623 0.82583623 0.82583623
0.81999232 0.81999232 0.81999232
0.81414842 0.81414842 0.81414842
0.80830451 0.80830451 0.80830451
0.80246060 0.80246060 0.80246060
0.79661670 0.79661670 0.79661670
0.79077279 0.79077279 0.79077279
0.78492889 0.78492889 0.78492889
0.77908498 0.77908498 0.77908498
0.77324107 0.77324107 0.77324107
0.76739717 0.76739717 0.76739717
0.76155326 0.76155326 0.76155326
0.75570936 0.75570936 0.75570936
0.74986545 0.74986545 0.74986545
0.74402155 0.74402155 0.74402155
0.73817764 0.73817764 0.73817764
0.73233373 0.73233373 0.73233373
0.72549021 0.72549021 0.72549021
0.71764708 0.71764708 0.71764708
0.70980394 0.70980394 0.70980394
0.70196080 0.70196080 0.70196080
0.69411767 0.69411767 0.69411767
0.68627453 0.68627453 0.68627453
0.67843139 0.67843139 0.67843139
0.67058825 0.67058825 0.67058825
0.66274512 0.66274512 0.66274512
0.65490198 0.65490198 0.65490198
0.64705884 0.64705884 0.64705884
0.63921571 0.63921571 0.63921571
0.63137257 0.63137257 0.63137257
0.62352943 0.62352943 0.62352943
0.61568630 0.61568630 0.61568630
0.60784316 0.60784316 0.60784316
0.60000002 0.60000002 0.60000002
0.59215689 0.59215689 0.59215689
0.58431375 0.58431375 0.58431375
0.57647061 0.57647061 0.57647061
0.56862748 0.56862748 0.56862748
0.56078434 0.56078434 0.56078434
0.55294120 0.55294120 0.55294120
0.54509807 0.54509807 0.54509807
0.53725493 0.53725493 0.53725493
0.52941179 0.52941179 0.52941179
0.52049215 0.52049215 0.52049215
0.51157250 0.51157250 0.51157250
0.50265285 0.50265285 0.50265285
0.49373321 0.49373321 0.49373321
0.48481356 0.48481356 0.48481356
0.47589391 0.47589391 0.47589391
0.46697426 0.46697426 0.46697426
0.45805462 0.45805462 0.45805462
0.44913497 0.44913497 0.44913497
0.44021532 0.44021532 0.44021532
0.43129568 0.43129568 0.43129568
0.42237603 0.42237603 0.42237603
0.41345638 0.41345638 0.41345638
0.40453674 0.40453674 0.40453674
0.39561709 0.39561709 0.39561709
0.38669744 0.38669744 0.38669744
0.37777779 0.37777779 0.37777779
0.36885815 0.36885815 0.36885815
0.35993850 0.35993850 0.35993850
0.35101885 0.35101885 0.35101885
0.34209921 0.34209921 0.34209921
0.33317956 0.33317956 0.33317956
0.32425991 0.32425991 0.32425991
0.31534027 0.31534027 0.31534027
0.30642062 0.30642062 0.30642062
0.29803923 0.29803923 0.29803923
0.29019609 0.29019609 0.29019609
0.28235295 0.28235295 0.28235295
0.27450981 0.27450981 0.27450981
0.26666668 0.26666668 0.26666668
0.25882354 0.25882354 0.25882354
0.25098040 0.25098040 0.25098040
0.24313726 0.24313726 0.24313726
0.23529413 0.23529413 0.23529413
0.22745099 0.22745099 0.22745099
0.21960785 0.21960785 0.21960785
0.21176471 0.21176471 0.21176471
0.20392158 0.20392158 0.20392158
0.19607844 0.19607844 0.19607844
0.18823530 0.18823530 0.18823530
0.18039216 0.18039216 0.18039216
0.17254902 0.17254902 0.17254902
0.16470589 0.16470589 0.16470589
0.15686275 0.15686275 0.15686275
0.14901961 0.14901961 0.14901961
0.14117647 0.14117647 0.14117647
0.13333334 0.13333334 0.13333334
0.12549020 0.12549020 0.12549020
0.11764706 0.11764706 0.11764706
0.10980392 0.10980392 0.10980392
0.10196079 0.10196079 0.10196079
