1.00000000 0.96078432 0.94117647
0.99987697 0.95820069 0.93748559
0.99975394 0.95561707 0.93379470
0.99963091 0.95303345 0.93010381
0.99950788 0.95044983 0.92641292
0.99938485 0.94786621 0.92272203
0.99926182 0.94528259 0.91903115
0.99913879 0.94269897 0.91534026
0.99901576 0.94011534 0.91164937
0.99889273 0.93753172 0.90795848
0.99876970 0.93494810 0.90426760
0.99864667 0.93236448 0.90057671
0.99852364 0.92978086 0.89688582
0.99840062 0.92719724 0.89319493
0.99827759 0.92461361 0.88950404
0.99815456 0.92202999 0.88581316
0.99803153 0.91944637 0.88212227
0.99790850 0.91686275 0.87843138
0.99778547 0.91427913 0.87474049
0.99766244 0.91169551 0.87104960
0.99753941 0.90911189 0.86735872
0.99741638 0.90652826 0.86366783
0.99729335 0.90394464 0.85997694
0.99717032 0.90136102 0.85628605
0.99704729 0.89877740 0.85259516
0.99692426 0.89619378 0.84890428
0.99680123 0.89361016 0.84521339
0.99667820 0.89102653 0.84152250
0.99655517 0.88844291 0.83783161
0.99643214 0.88585929 0.83414072
0.99630911 0.88327567 0.83044984
0.99618608 0.88069205 0.82675895
0.99604767 0.87786237 0.82277587
0.99580162 0.87331027 0.81674742
0.99555556 0.86875818 0.81071897
0.99530950 0.86420608 0.80469052
0.99506344 0.85965399 0.79866207
0.99481738 0.85510189 0.79263361
0.99457132 0.85054980 0.78660516
0.99432526 0.84599770 0.78057671
0.99407920 0.84144561 0.77454826
0.99383314 0.83689351 0.76851981
0.99358708 0.83234142 0.76249136
0.99334102 0.82778932 0.75646291
0.99309496 0.82323723 0.75043446
0.99284890 0.81868513 0.74440601
0.99260285 0.81413304 0.73837756
0.99235679 0.80958094 0.73234911
0.99211073 0.80502885 0.72632066
0.99186467 0.80047675 0.72029221
0.99161861 0.79592466 0.71426376
0.99137255 0.79137256 0.70823531
0.99112649 0.78682047 0.70220686
0.99088043 0.78226837 0.69617841
0.99063437 0.77771628 0.69014996
0.99038831 0.77316418 0.68412151
0.99014225 0.76861209 0.67809306
0.98989619 0.76405999 0.67206461
0.98965014 0.75950790 0.66603616
0.98940408 0.75495580 0.66000771
0.98915802 0.75040371 0.65397926
0.98891196 0.74585161 0.64795081
0.98866590 0.74129952 0.64192236
0.98841984 0.73674742 0.63589391
0.98823529 0.73207230 0.62992697
0.98823529 0.72702808 0.62414458
0.98823529 0.72198387 0.61836219
0.98823529 0.71693966 0.61257980
0.98823529 0.71189544 0.60679741
0.98823529 0.70685123 0.60101501
0.98823529 0.70180702 0.59523262
0.98823529 0.69676280 0.58945023
0.98823529 0.69171859 0.58366784
0.98823529 0.68667437 0.57788545
0.98823529 0.68163016 0.57210305
0.98823529 0.67658595 0.56632066
0.98823529 0.67154173 0.56053827
0.98823529 0.66649752 0.55475588
0.98823529 0.66145331 0.54897349
0.98823529 0.65640909 0.54319109
0.98823529 0.65136488 0.53740870
0.98823529 0.64632067 0.53162631
0.98823529 0.64127645 0.52584392
0.98823529 0.63623224 0.52006153
0.98823529 0.63118803 0.51427913
0.98823529 0.62614381 0.50849674
0.98823529 0.62109960 0.50271435
0.98823529 0.61605539 0.49693196
0.98823529 0.61101117 0.49114957
0.98823529 0.60596696 0.48536717
0.98823529 0.60092275 0.47958478
0.98823529 0.59587853 0.47380239
0.98823529 0.59083432 0.46802000
0.98823529 0.58579011 0.46223761
0.98823529 0.58074589 0.45645521
0.98823529 0.57570168 0.45067282
0.98818916 0.57070360 0.44521338
0.98806613 0.56578242 0.44029220
0.98794310 0.56086123 0.43537102
0.98782007 0.55594005 0.43044983
0.98769704 0.55101886 0.42552865
0.98757401 0.54609768 0.42060746
0.98745098 0.54117649 0.41568628
0.98732795 0.53625531 0.41076510
0.98720492 0.53133412 0.40584391
0.98708189 0.52641294 0.40092273
0.98695886 0.52149175 0.39600154
0.98683583 0.51657057 0.39108036
0.98671280 0.51164938 0.38615918
0.98658977 0.50672820 0.38123799
0.98646674 0.50180701 0.37631681
0.98634371 0.49688583 0.37139562
0.98622069 0.49196464 0.36647444
0.98609766 0.48704346 0.36155326
0.98597463 0.48212227 0.35663207
0.98585160 0.47720109 0.35171089
0.98572857 0.47227990 0.34678971
0.98560554 0.46735872 0.34186852
0.98548251 0.46243754 0.33694734
0.98535948 0.45751635 0.33202615
0.98523645 0.45259517 0.32710497
0.98511342 0.44767398 0.32218379
0.98499039 0.44275280 0.31726260
0.98486736 0.43783161 0.31234142
0.98474433 0.43291043 0.30742023
0.98462130 0.42798924 0.30249905
0.98449827 0.42306806 0.29757787
0.98437524 0.41814687 0.29265668
0.98357555 0.41279508 0.28835065
0.98209919 0.40701269 0.28465976
0.98062284 0.40123030 0.28096887
0.97914648 0.39544791 0.27727798
0.97767013 0.38966552 0.27358709
0.97619377 0.38388313 0.26989620
0.97471742 0.37810073 0.26620532
0.97324106 0.37231834 0.26251443
0.97176471 0.36653595 0.25882354
0.97028835 0.36075356 0.25513265
0.96881200 0.35497117 0.25144176
0.96733564 0.34918878 0.24775087
0.96585929 0.34340639 0.24405999
0.96438293 0.33762399 0.24036910
0.96290658 0.33184160 0.23667821
0.96143022 0.32605921 0.23298732
0.95995387 0.32027682 0.22929643
0.95847751 0.31449443 0.22560554
0.95700116 0.30871204 0.22191466
0.95552480 0.30292965 0.21822377
0.95404845 0.29714725 0.21453288
0.95257209 0.29136486 0.21084199
0.95109574 0.28558247 0.20715110
0.94961938 0.27980008 0.20346021
0.94814303 0.27401769 0.19976933
0.94666667 0.26823530 0.19607844
0.94519031 0.26245290 0.19238755
0.94371396 0.25667051 0.18869666
0.94223760 0.25088812 0.18500577
0.94076125 0.24510573 0.18131488
0.93928489 0.23932334 0.17762400
0.93780854 0.23354095 0.17393311
0.93448674 0.22868128 0.17139562
0.93005767 0.22437524 0.16955018
0.92562861 0.22006921 0.16770473
0.92119954 0.21576317 0.16585929
0.91677048 0.21145713 0.16401384
0.91234141 0.20715110 0.16216840
0.90791235 0.20284506 0.16032296
0.90348328 0.19853902 0.15847751
0.89905422 0.19423299 0.15663207
0.89462515 0.18992695 0.15478662
0.89019608 0.18562092 0.15294118
0.88576702 0.18131488 0.15109574
0.88133795 0.17700884 0.14925029
0.87690889 0.17270281 0.14740485
0.87247982 0.16839677 0.14555940
0.86805076 0.16409074 0.14371396
0.86362169 0.15978470 0.14186851
0.85919263 0.15547866 0.14002307
0.85476356 0.15117263 0.13817763
0.85033450 0.14686659 0.13633218
0.84590543 0.14256056 0.13448674
0.84147636 0.13825452 0.13264129
0.83704730 0.13394848 0.13079585
0.83261823 0.12964245 0.12895041
0.82818917 0.12533641 0.12710496
0.82376010 0.12103037 0.12525952
0.81933104 0.11672434 0.12341407
0.81490197 0.11241830 0.12156863
0.81047291 0.10811227 0.11972318
0.80604384 0.10380623 0.11787774
0.80161478 0.09950019 0.11603230
0.79718571 0.09519416 0.11418685
0.79257210 0.09328720 0.11298731
0.78789698 0.09217993 0.11200308
0.78322185 0.09107267 0.11101884
0.77854673 0.08996540 0.11003460
0.77387160 0.08885813 0.10905037
0.76919648 0.08775087 0.10806613
0.76452135 0.08664360 0.10708189
0.75984623 0.08553633 0.10609766
0.75517110 0.08442907 0.10511342
0.75049598 0.08332180 0.10412918
0.74582085 0.08221453 0.10314495
0.74114573 0.08110727 0.10216071
0.73647060 0.08000000 0.10117647
0.73179548 0.07889273 0.10019224
0.72712035 0.07778547 0.09920800
0.72244523 0.07667820 0.09822376
0.71777011 0.07557094 0.09723952
0.71309498 0.07446367 0.09625529
0.70841986 0.07335640 0.09527105
0.70374473 0.07224914 0.09428681
0.69906961 0.07114187 0.09330258
0.69439448 0.07003460 0.09231834
0.68971936 0.06892734 0.09133410
0.68504423 0.06782007 0.09034987
0.68036911 0.06671280 0.08936563
0.67569398 0.06560554 0.08838139
0.67101886 0.06449827 0.08739716
0.66634373 0.06339100 0.08641292
0.66166861 0.06228374 0.08542868
0.65699348 0.06117647 0.08444445
0.65231836 0.06006920 0.08346021
0.64764324 0.05896194 0.08247597
0.64038449 0.05720877 0.08149174
0.63275665 0.05536332 0.08050750
0.62512882 0.05351788 0.07952326
0.61750098 0.05167243 0.07853903
0.60987314 0.04982699 0.07755479
0.60224531 0.04798155 0.07657055
0.59461747 0.04613610 0.07558632
0.58698964 0.04429066 0.07460208
0.57936180 0.04244521 0.07361784
0.57173396 0.04059977 0.07263360
0.56410613 0.03875433 0.07164937
0.55647829 0.03690888 0.07066513
0.54885046 0.03506344 0.06968089
0.54122262 0.03321799 0.06869666
0.53359479 0.03137255 0.06771242
0.52596695 0.02952711 0.06672818
0.51833911 0.02768166 0.06574395
0.51071128 0.02583622 0.06475971
0.50308344 0.02399077 0.06377547
0.49545561 0.02214533 0.06279124
0.48782777 0.02029988 0.06180700
0.48019993 0.01845444 0.06082276
0.47257210 0.01660900 0.05983852
0.46494426 0.01476355 0.05885429
0.45731643 0.01291811 0.05787005
0.44968859 0.01107266 0.05688581
0.44206075 0.00922722 0.05590158
0.43443292 0.00738178 0.05491734
0.42680508 0.00553633 0.05393310
0.41917725 0.00369089 0.05294887
0.41154941 0.00184544 0.05196463
0.40392157 0.00000000 0.05098039
