0.40000001 0.76078433 0.64705884
0.41614764 0.75507883 0.63984623
0.43229528 0.74937333 0.63263362
0.44844291 0.74366784 0.62542101
0.46459055 0.73796234 0.61820840
0.48073818 0.73225684 0.61099579
0.49688582 0.72655134 0.60378318
0.51303345 0.72084585 0.59657057
0.52918109 0.71514035 0.58935796
0.54532872 0.70943485 0.58214535
0.56147636 0.70372935 0.57493274
0.57762400 0.69802385 0.56772012
0.59377163 0.69231836 0.56050751
0.60991927 0.68661286 0.55329490
0.62606690 0.68090736 0.54608229
0.64221454 0.67520186 0.53886968
0.65836217 0.66949637 0.53165707
0.67450981 0.66379087 0.52444446
0.69065744 0.65808537 0.51723185
0.70680508 0.65237987 0.51001924
0.72295271 0.64667438 0.50280663
0.73910035 0.64096888 0.49559402
0.75524798 0.63526338 0.48838140
0.77139562 0.62955788 0.48116879
0.78754326 0.62385239 0.47395618
0.80369089 0.61814689 0.46674357
0.81983853 0.61244139 0.45953096
0.83598616 0.60673589 0.45231835
0.85213380 0.60103040 0.44510574
0.86828143 0.59532490 0.43789313
0.88442907 0.58961940 0.43068052
0.90057670 0.58391390 0.42346791
0.91672434 0.57820841 0.41625530
0.93287197 0.57250291 0.40904268
0.94901961 0.56679741 0.40183007
0.96516724 0.56109191 0.39461746
0.98131488 0.55538642 0.38740485
0.98140715 0.55410998 0.39077279
0.96945790 0.55615535 0.40207613
0.95750865 0.55820072 0.41337948
0.94555940 0.56024609 0.42468282
0.93361015 0.56229145 0.43598617
0.92166090 0.56433682 0.44728951
0.90971165 0.56638219 0.45859286
0.89776241 0.56842755 0.46989620
0.88581316 0.57047292 0.48119955
0.87386391 0.57251829 0.49250289
0.86191466 0.57456365 0.50380624
0.84996541 0.57660902 0.51510958
0.83801616 0.57865439 0.52641293
0.82606691 0.58069976 0.53771627
0.81411766 0.58274512 0.54901962
0.80216841 0.58479049 0.56032296
0.79021916 0.58683586 0.57162631
0.77826991 0.58888122 0.58292965
0.76632066 0.59092659 0.59423300
0.75437141 0.59297196 0.60553634
0.74242216 0.59501733 0.61683969
0.73047291 0.59706269 0.62814303
0.71852366 0.59910806 0.63944638
0.70657441 0.60115343 0.65074972
0.69462516 0.60319879 0.66205307
0.68267591 0.60524416 0.67335641
0.67072666 0.60728953 0.68465976
0.65877741 0.60933489 0.69596310
0.64682816 0.61138026 0.70726645
0.63487891 0.61342563 0.71856979
0.62292966 0.61547100 0.72987314
0.61098042 0.61751636 0.74117648
0.59903117 0.61956173 0.75247983
0.58708192 0.62160710 0.76378317
0.57513267 0.62365246 0.77508652
0.56318342 0.62569783 0.78638986
0.55432529 0.62711267 0.79595541
0.56401387 0.62474435 0.79509421
0.57370245 0.62237603 0.79423300
0.58339103 0.62000771 0.79337179
0.59307961 0.61763939 0.79251059
0.60276819 0.61527107 0.79164938
0.61245677 0.61290275 0.79078817
0.62214535 0.61053443 0.78992696
0.63183393 0.60816611 0.78906576
0.64152251 0.60579779 0.78820455
0.65121109 0.60342947 0.78734334
0.66089967 0.60106115 0.78648213
0.67058825 0.59869283 0.78562093
0.68027684 0.59632451 0.78475972
0.68996542 0.59395619 0.78389851
0.69965400 0.59158788 0.78303731
0.70934258 0.58921956 0.78217610
0.71903116 0.58685124 0.78131489
0.72871974 0.58448292 0.78045368
0.73840832 0.58211460 0.77959248
0.74809690 0.57974628 0.77873127
0.75778548 0.57737796 0.77787006
0.76747406 0.57500964 0.77700886
0.77716264 0.57264132 0.77614765
0.78685122 0.57027300 0.77528644
0.79653980 0.56790468 0.77442523
0.80622839 0.56553636 0.77356403
0.81591697 0.56316804 0.77270282
0.82560555 0.56079972 0.77184161
0.83529413 0.55843140 0.77098041
0.84498271 0.55606308 0.77011920
0.85467129 0.55369476 0.76925799
0.86435987 0.55132644 0.76839678
0.87404845 0.54895812 0.76753558
0.88373703 0.54658980 0.76667437
0.89342561 0.54422148 0.76581316
0.90311419 0.54185316 0.76495196
0.90088428 0.54717419 0.75617072
0.89388697 0.55557096 0.74422147
0.88688966 0.56396773 0.73227222
0.87989236 0.57236450 0.72032297
0.87289505 0.58076127 0.70837372
0.86589774 0.58915804 0.69642447
0.85890043 0.59755481 0.68447522
0.85190312 0.60595158 0.67252596
0.84490581 0.61434835 0.66057671
0.83790851 0.62274512 0.64862746
0.83091120 0.63114189 0.63667821
0.82391389 0.63953866 0.62472896
0.81691658 0.64793543 0.61277971
0.80991927 0.65633220 0.60083046
0.80292196 0.66472897 0.58888121
0.79592466 0.67312574 0.57693196
0.78892735 0.68152251 0.56498271
0.78193004 0.68991928 0.55303346
0.77493273 0.69831605 0.54108421
0.76793542 0.70671282 0.52913496
0.76093811 0.71510959 0.51718571
0.75394081 0.72350636 0.50523646
0.74694350 0.73190313 0.49328721
0.73994619 0.74029990 0.48133796
0.73294888 0.74869667 0.46938871
0.72595157 0.75709344 0.45743946
0.71895427 0.76549021 0.44549021
0.71195696 0.77388698 0.43354096
0.70495965 0.78228375 0.42159171
0.69796234 0.79068052 0.40964246
0.69096503 0.79907729 0.39769321
0.68396772 0.80747406 0.38574396
0.67697042 0.81587083 0.37379470
0.66997311 0.82426760 0.36184545
0.66297580 0.83266437 0.34989620
0.65597849 0.84106114 0.33794695
0.65371782 0.84708959 0.32827375
0.66329875 0.84719724 0.32429067
0.67287968 0.84730489 0.32030758
0.68246061 0.84741254 0.31632450
0.69204154 0.84752019 0.31234142
0.70162247 0.84762784 0.30835833
0.71120340 0.84773550 0.30437525
0.72078433 0.84784315 0.30039217
0.73036526 0.84795080 0.29640908
0.73994619 0.84805845 0.29242600
0.74952712 0.84816610 0.28844291
0.75910805 0.84827375 0.28445983
0.76868898 0.84838140 0.28047675
0.77826991 0.84848905 0.27649366
0.78785084 0.84859670 0.27251058
0.79743177 0.84870435 0.26852750
0.80701270 0.84881200 0.26454441
0.81659363 0.84891966 0.26056133
0.82617456 0.84902731 0.25657825
0.83575549 0.84913496 0.25259516
0.84533642 0.84924261 0.24861208
0.85491735 0.84935026 0.24462900
0.86449828 0.84945791 0.24064591
0.87407921 0.84956556 0.23666283
0.88366014 0.84967321 0.23267974
0.89324107 0.84978086 0.22869666
0.90282200 0.84988851 0.22471358
0.91240293 0.84999616 0.22073049
0.92198386 0.85010382 0.21674741
0.93156479 0.85021147 0.21276433
0.94114572 0.85031912 0.20878124
0.95072665 0.85042677 0.20479816
0.96030758 0.85053442 0.20081508
0.96988851 0.85064207 0.19683199
0.97946944 0.85074972 0.19284891
0.98905037 0.85085737 0.18886582
0.99863130 0.85096502 0.18488274
0.99760092 0.84904268 0.19363322
0.99480200 0.84678202 0.20450596
0.99200308 0.84452135 0.21537871
0.98920415 0.84226068 0.22625145
0.98640523 0.84000001 0.23712419
0.98360631 0.83773934 0.24799693
0.98080738 0.83547867 0.25886967
0.97800846 0.83321800 0.26974242
0.97520954 0.83095733 0.28061516
0.97241061 0.82869667 0.29148790
0.96961169 0.82643600 0.30236064
0.96681277 0.82417533 0.31323338
0.96401384 0.82191466 0.32410612
0.96121492 0.81965399 0.33497887
0.95841600 0.81739332 0.34585161
0.95561707 0.81513265 0.35672435
0.95281815 0.81287198 0.36759709
0.95001923 0.81061131 0.37846983
0.94722030 0.80835065 0.38934258
0.94442138 0.80608998 0.40021532
0.94162246 0.80382931 0.41108806
0.93882353 0.80156864 0.42196080
0.93602461 0.79930797 0.43283354
0.93322569 0.79704730 0.44370628
0.93042676 0.79478663 0.45457903
0.92762784 0.79252596 0.46545177
0.92482892 0.79026530 0.47632451
0.92202999 0.78800463 0.48719725
0.91923107 0.78574396 0.49806999
0.91643215 0.78348329 0.50894274
0.91363322 0.78122262 0.51981548
0.91083430 0.77896195 0.53068822
0.90803538 0.77670128 0.54156096
0.90523645 0.77444061 0.55243370
0.90243753 0.77217994 0.56330644
0.89963861 0.76991928 0.57417919
0.89573242 0.76784315 0.58182240
0.89034987 0.76601309 0.58515958
0.88496733 0.76418302 0.58849676
0.87958478 0.76235296 0.59183393
0.87420224 0.76052289 0.59517111
0.86881969 0.75869282 0.59850829
0.86343715 0.75686276 0.60184547
0.85805460 0.75503269 0.60518265
0.85267206 0.75320263 0.60851982
0.84728951 0.75137256 0.61185700
0.84190697 0.74954250 0.61519418
0.83652442 0.74771243 0.61853136
0.83114188 0.74588237 0.62186853
0.82575933 0.74405230 0.62520571
0.82037679 0.74222224 0.62854289
0.81499424 0.74039217 0.63188007
0.80961170 0.73856211 0.63521725
0.80422915 0.73673204 0.63855442
0.79884661 0.73490198 0.64189160
0.79346406 0.73307191 0.64522878
0.78808152 0.73124185 0.64856596
0.78269897 0.72941178 0.65190313
0.77731643 0.72758172 0.65524031
0.77193389 0.72575165 0.65857749
0.76655134 0.72392159 0.66191467
0.76116880 0.72209152 0.66525185
0.75578625 0.72026145 0.66858902
0.75040371 0.71843139 0.67192620
0.74502116 0.71660132 0.67526338
0.73963862 0.71477126 0.67860056
0.73425607 0.71294119 0.68193774
0.72887353 0.71111113 0.68527491
0.72349098 0.70928106 0.68861209
0.71810844 0.70745100 0.69194927
0.71272589 0.70562093 0.69528645
0.70734335 0.70379087 0.69862362
0.70196080 0.70196080 0.70196080
