0.55294120 0.82745099 0.78039217
0.57222609 0.83489428 0.77700886
0.59151098 0.84233757 0.77362554
0.61079587 0.84978086 0.77024223
0.63008076 0.85722415 0.76685891
0.64936565 0.86466744 0.76347560
0.66865054 0.87211073 0.76009229
0.68793543 0.87955402 0.75670897
0.70722032 0.88699732 0.75332566
0.72650521 0.89444061 0.74994234
0.74579010 0.90188390 0.74655903
0.76507499 0.90932719 0.74317572
0.78435987 0.91677048 0.73979240
0.80364476 0.92421377 0.73640909
0.82292965 0.93165706 0.73302578
0.84221454 0.93910035 0.72964246
0.86149943 0.94654364 0.72625915
0.88078432 0.95398693 0.72287583
0.90006921 0.96143022 0.71949252
0.91935410 0.96887351 0.71610921
0.93863899 0.97631680 0.71272589
0.95792388 0.98376009 0.70934258
0.97720877 0.99120338 0.70595926
0.99649366 0.99864667 0.70257595
0.99100346 0.99044983 0.70735873
0.98000769 0.97877739 0.71395619
0.96901192 0.96710496 0.72055365
0.95801615 0.95543253 0.72715111
0.94702038 0.94376010 0.73374857
0.93602461 0.93208766 0.74034604
0.92502884 0.92041523 0.74694350
0.91403307 0.90874280 0.75354096
0.90303730 0.89707036 0.76013842
0.89204153 0.88539793 0.76673588
0.88104576 0.87372550 0.77333335
0.87004999 0.86205306 0.77993081
0.85905422 0.85038063 0.78652827
0.84805845 0.83870820 0.79312573
0.83706268 0.82703577 0.79972320
0.82606691 0.81536333 0.80632066
0.81507114 0.80369090 0.81291812
0.80407537 0.79201847 0.81951558
0.79307960 0.78034603 0.82611304
0.78208383 0.76867360 0.83271051
0.77108806 0.75700117 0.83930797
0.76009229 0.74532873 0.84590543
0.74909652 0.73365630 0.85250289
0.75166476 0.72316803 0.84370628
0.76198387 0.71335642 0.82611304
0.77230297 0.70354481 0.80851981
0.78262208 0.69373320 0.79092657
0.79294119 0.68392159 0.77333334
0.80326030 0.67410998 0.75574011
0.81357940 0.66429837 0.73814687
0.82389851 0.65448676 0.72055364
0.83421762 0.64467515 0.70296041
0.84453673 0.63486354 0.68536717
0.85485583 0.62505193 0.66777394
0.86517494 0.61524032 0.65018071
0.87549405 0.60542870 0.63258747
0.88581316 0.59561709 0.61499424
0.89613226 0.58580548 0.59740100
0.90645137 0.57599387 0.57980777
0.91677048 0.56618226 0.56221454
0.92708959 0.55637065 0.54462130
0.93740869 0.54655904 0.52702807
0.94772780 0.53674743 0.50943484
0.95804691 0.52693582 0.49184160
0.96836601 0.51712421 0.47424837
0.97868512 0.50731260 0.45665514
0.97485583 0.50572860 0.45451750
0.95404845 0.51401771 0.47092657
0.93324107 0.52230683 0.48733564
0.91243368 0.53059595 0.50374472
0.89162630 0.53888507 0.52015379
0.87081892 0.54717419 0.53656287
0.85001154 0.55546331 0.55297194
0.82920416 0.56375243 0.56938101
0.80839678 0.57204155 0.58579009
0.78758940 0.58033067 0.60219916
0.76678202 0.58861979 0.61860823
0.74597464 0.59690891 0.63501731
0.72516726 0.60519802 0.65142638
0.70435988 0.61348714 0.66783546
0.68355250 0.62177626 0.68424453
0.66274512 0.63006538 0.70065360
0.64193774 0.63835450 0.71706268
0.62113036 0.64664362 0.73347175
0.60032298 0.65493274 0.74988082
0.57951560 0.66322186 0.76628990
0.55870822 0.67151098 0.78269897
0.53790083 0.67980010 0.79910805
0.51709345 0.68808922 0.81551712
0.50772783 0.69425607 0.82223761
0.52887354 0.69476357 0.80312189
0.55001925 0.69527107 0.78400616
0.57116496 0.69577856 0.76489044
0.59231067 0.69628606 0.74577471
0.61345639 0.69679356 0.72665899
0.63460210 0.69730106 0.70754326
0.65574781 0.69780855 0.68842754
0.67689352 0.69831605 0.66931181
0.69803923 0.69882355 0.65019609
0.71918495 0.69933104 0.63108036
0.74033066 0.69983854 0.61196464
0.76147637 0.70034604 0.59284891
0.78262208 0.70085354 0.57373319
0.80376779 0.70136103 0.55461746
0.82491351 0.70186853 0.53550174
0.84605922 0.70237603 0.51638601
0.86720493 0.70288352 0.49727029
0.88835064 0.70339102 0.47815456
0.90949635 0.70389852 0.45903884
0.93064206 0.70440602 0.43992311
0.95178778 0.70491351 0.42080739
0.97293349 0.70542101 0.40169166
0.99101884 0.70652828 0.38442138
0.97850058 0.71363324 0.38560554
0.96598232 0.72073819 0.38678970
0.95346406 0.72784315 0.38797386
0.94094579 0.73494811 0.38915802
0.92842753 0.74205307 0.39034218
0.91590927 0.74915803 0.39152634
0.90339101 0.75626299 0.39271050
0.89087275 0.76336795 0.39389466
0.87835449 0.77047291 0.39507882
0.86583622 0.77757787 0.39626298
0.85331796 0.78468283 0.39744714
0.84079970 0.79178779 0.39863130
0.82828144 0.79889275 0.39981546
0.81576318 0.80599770 0.40099962
0.80324492 0.81310266 0.40218378
0.79072666 0.82020762 0.40336794
0.77820839 0.82731258 0.40455210
0.76569013 0.83441754 0.40573626
0.75317187 0.84152250 0.40692042
0.74065361 0.84862746 0.40810458
0.72813535 0.85573242 0.40928874
0.71561709 0.86283738 0.41047290
0.70309883 0.86994234 0.41165706
0.71318725 0.86797386 0.43083430
0.72553635 0.86509805 0.45181085
0.73788544 0.86222223 0.47278739
0.75023454 0.85934641 0.49376394
0.76258364 0.85647060 0.51474049
0.77493273 0.85359478 0.53571704
0.78728183 0.85071896 0.55669358
0.79963092 0.84784315 0.57767013
0.81198002 0.84496733 0.59864668
0.82432911 0.84209151 0.61962323
0.83667821 0.83921570 0.64059977
0.84902731 0.83633988 0.66157632
0.86137640 0.83346406 0.68255287
0.87372550 0.83058825 0.70352942
0.88607459 0.82771243 0.72450597
0.89842369 0.82483661 0.74548251
0.91077279 0.82196079 0.76645906
0.92312188 0.81908498 0.78743561
0.93547098 0.81620916 0.80841216
0.94782007 0.81333334 0.82938870
0.96016917 0.81045753 0.85036525
0.97251826 0.80758171 0.87134180
0.98486736 0.80470589 0.89231835
0.98392926 0.80539794 0.89656287
0.97800846 0.80742792 0.89453288
0.97208766 0.80945791 0.89250289
0.96616686 0.81148790 0.89047290
0.96024606 0.81351789 0.88844291
0.95432526 0.81554788 0.88641292
0.94840446 0.81757787 0.88438294
0.94248366 0.81960785 0.88235295
0.93656286 0.82163784 0.88032296
0.93064206 0.82366783 0.87829297
0.92472127 0.82569782 0.87626298
0.91880047 0.82772781 0.87423299
0.91287967 0.82975780 0.87220301
0.90695887 0.83178778 0.87017302
0.90103807 0.83381777 0.86814303
0.89511727 0.83584776 0.86611304
0.88919647 0.83787775 0.86408305
0.88327567 0.83990774 0.86205306
0.87735487 0.84193773 0.86002308
0.87143407 0.84396771 0.85799309
0.86551327 0.84599770 0.85596310
0.85959247 0.84802769 0.85393311
0.85367167 0.85005768 0.85190312
0.84830451 0.84276818 0.84839678
0.84339870 0.82771243 0.84366014
0.83849290 0.81265668 0.83892350
0.83358709 0.79760093 0.83418686
0.82868129 0.78254519 0.82945022
0.82377548 0.76748944 0.82471358
0.81886968 0.75243369 0.81997694
0.81396387 0.73737795 0.81524030
0.80905807 0.72232220 0.81050366
0.80415226 0.70726645 0.80576702
0.79924646 0.69221071 0.80103038
0.79434065 0.67715496 0.79629375
0.78943485 0.66209921 0.79155711
0.78452904 0.64704347 0.78682047
0.77962323 0.63198772 0.78208383
0.77471743 0.61693197 0.77734719
0.76981162 0.60187623 0.77261055
0.76490582 0.58682048 0.76787391
0.76000001 0.57176473 0.76313727
0.75509421 0.55670898 0.75840063
0.75018840 0.54165324 0.75366399
0.74528260 0.52659749 0.74892735
0.74037679 0.51154174 0.74419071
0.73823915 0.50854290 0.74166860
0.74094581 0.52664363 0.74302193
0.74365246 0.54474436 0.74437526
0.74635911 0.56284509 0.74572858
0.74906576 0.58094582 0.74708191
0.75177241 0.59904654 0.74843523
0.75447906 0.61714727 0.74978856
0.75718571 0.63524800 0.75114188
0.75989236 0.65334873 0.75249521
0.76259901 0.67144946 0.75384853
0.76530567 0.68955019 0.75520186
0.76801232 0.70765092 0.75655519
0.77071897 0.72575165 0.75790851
0.77342562 0.74385238 0.75926184
0.77613227 0.76195311 0.76061516
0.77883892 0.78005384 0.76196849
0.78154557 0.79815457 0.76332181
0.78425222 0.81625530 0.76467514
0.78695887 0.83435603 0.76602846
0.78966553 0.85245676 0.76738179
0.79237218 0.87055749 0.76873512
0.79507883 0.88865822 0.77008844
0.79778548 0.90675894 0.77144177
0.80156864 0.92163015 0.76990390
0.81019609 0.92196848 0.75535565
0.81882354 0.92230681 0.74080739
0.82745099 0.92264514 0.72625914
0.83607844 0.92298347 0.71171089
0.84470589 0.92332180 0.69716264
0.85333334 0.92366014 0.68261439
0.86196079 0.92399847 0.66806614
0.87058824 0.92433680 0.65351789
0.87921569 0.92467513 0.63896964
0.88784314 0.92501346 0.62442139
0.89647059 0.92535179 0.60987313
0.90509804 0.92569012 0.59532488
0.91372550 0.92602846 0.58077663
0.92235295 0.92636679 0.56622838
0.93098040 0.92670512 0.55168013
0.93960785 0.92704345 0.53713188
0.94823530 0.92738178 0.52258363
0.95686275 0.92772011 0.50803538
0.96549020 0.92805844 0.49348713
0.97411765 0.92839677 0.47893887
0.98274510 0.92873511 0.46439062
0.99137255 0.92907344 0.44984237
1.00000000 0.92941177 0.43529412
