1.00000000 0.00000000 1.00000000
1.00000000 0.00392157 0.99607843
1.00000000 0.00784314 0.99215686
1.00000000 0.01176471 0.98823529
1.00000000 0.01568627 0.98431373
1.00000000 0.01960784 0.98039216
1.00000000 0.02352941 0.97647059
1.00000000 0.02745098 0.97254902
1.00000000 0.03137255 0.96862745
1.00000000 0.03529412 0.96470588
1.00000000 0.03921569 0.96078431
1.00000000 0.04313725 0.95686275
1.00000000 0.04705882 0.95294118
1.00000000 0.05098039 0.94901961
1.00000000 0.05490196 0.94509804
1.00000000 0.05882353 0.94117647
1.00000000 0.06274510 0.93725490
1.00000000 0.06666667 0.93333333
1.00000000 0.07058824 0.92941176
1.00000000 0.07450980 0.92549020
1.00000000 0.07843137 0.92156863
1.00000000 0.08235294 0.91764706
1.00000000 0.08627451 0.91372549
1.00000000 0.09019608 0.90980392
1.00000000 0.09411765 0.90588235
1.00000000 0.09803922 0.90196078
1.00000000 0.10196078 0.89803922
1.00000000 0.10588235 0.89411765
1.00000000 0.10980392 0.89019608
1.00000000 0.11372549 0.88627451
1.00000000 0.11764706 0.88235294
1.00000000 0.12156863 0.87843137
1.00000000 0.12549020 0.87450980
1.00000000 0.12941176 0.87058824
1.00000000 0.13333333 0.86666667
1.00000000 0.13725490 0.86274510
1.00000000 0.14117647 0.85882353
1.00000000 0.14509804 0.85490196
1.00000000 0.14901961 0.85098039
1.00000000 0.15294118 0.84705882
1.00000000 0.15686275 0.84313725
1.00000000 0.16078431 0.83921569
1.00000000 0.16470588 0.83529412
1.00000000 0.16862745 0.83137255
1.00000000 0.17254902 0.82745098
1.00000000 0.17647059 0.82352941
1.00000000 0.18039216 0.81960784
1.00000000 0.18431373 0.81568627
1.00000000 0.18823529 0.81176471
1.00000000 0.19215686 0.80784314
1.00000000 0.19607843 0.80392157
1.00000000 0.20000000 0.80000000
1.00000000 0.20392157 0.79607843
1.00000000 0.20784314 0.79215686
1.00000000 0.21176471 0.78823529
1.00000000 0.21568627 0.78431373
1.00000000 0.21960784 0.78039216
1.00000000 0.22352941 0.77647059
1.00000000 0.22745098 0.77254902
1.00000000 0.23137255 0.76862745
1.00000000 0.23529412 0.76470588
1.00000000 0.23921569 0.76078431
1.00000000 0.24313725 0.75686275
1.00000000 0.24705882 0.75294118
1.00000000 0.25098039 0.74901961
1.00000000 0.25490196 0.74509804
1.00000000 0.25882353 0.74117647
1.00000000 0.26274510 0.73725490
1.00000000 0.26666667 0.73333333
1.00000000 0.27058824 0.72941176
1.00000000 0.27450980 0.72549020
1.00000000 0.27843137 0.72156863
1.00000000 0.28235294 0.71764706
1.00000000 0.28627451 0.71372549
1.00000000 0.29019608 0.70980392
1.00000000 0.29411765 0.70588235
1.00000000 0.29803922 0.70196078
1.00000000 0.30196078 0.69803922
1.00000000 0.30588235 0.69411765
1.00000000 0.30980392 0.69019608
1.00000000 0.31372549 0.68627451
1.00000000 0.31764706 0.68235294
1.00000000 0.32156863 0.67843137
1.00000000 0.32549020 0.67450980
1.00000000 0.32941176 0.67058824
1.00000000 0.33333333 0.66666667
1.00000000 0.33725490 0.66274510
1.00000000 0.34117647 0.65882353
1.00000000 0.34509804 0.65490196
1.00000000 0.34901961 0.65098039
1.00000000 0.35294118 0.64705882
1.00000000 0.35686275 0.64313725
1.00000000 0.36078431 0.63921569
1.00000000 0.36470588 0.63529412
1.00000000 0.36862745 0.63137255
1.00000000 0.37254902 0.62745098
1.00000000 0.37647059 0.62352941
1.00000000 0.38039216 0.61960784
1.00000000 0.38431373 0.61568627
1.00000000 0.38823529 0.61176471
1.00000000 0.39215686 0.60784314
1.00000000 0.39607843 0.60392157
1.00000000 0.40000000 0.60000000
1.00000000 0.40392157 0.59607843
1.00000000 0.40784314 0.59215686
1.00000000 0.41176471 0.58823529
1.00000000 0.41568627 0.58431373
1.00000000 0.41960784 0.58039216
1.00000000 0.42352941 0.57647059
1.00000000 0.42745098 0.57254902
1.00000000 0.43137255 0.56862745
1.00000000 0.43529412 0.56470588
1.00000000 0.43921569 0.56078431
1.00000000 0.44313725 0.55686275
1.00000000 0.44705882 0.55294118
1.00000000 0.45098039 0.54901961
1.00000000 0.45490196 0.54509804
1.00000000 0.45882353 0.54117647
1.00000000 0.46274510 0.53725490
1.00000000 0.46666667 0.53333333
1.00000000 0.47058824 0.52941176
1.00000000 0.47450980 0.52549020
1.00000000 0.47843137 0.52156863
1.00000000 0.48235294 0.51764706
1.00000000 0.48627451 0.51372549
1.00000000 0.49019608 0.50980392
1.00000000 0.49411765 0.50588235
1.00000000 0.49803922 0.50196078
1.00000000 0.50196078 0.49803922
1.00000000 0.50588235 0.49411765
1.00000000 0.50980392 0.49019608
1.00000000 0.51372549 0.48627451
1.00000000 0.51764706 0.48235294
1.00000000 0.52156863 0.47843137
1.00000000 0.52549020 0.47450980
1.00000000 0.52941176 0.47058824
1.00000000 0.53333333 0.46666667
1.00000000 0.53725490 0.46274510
1.00000000 0.54117647 0.45882353
1.00000000 0.54509804 0.45490196
1.00000000 0.54901961 0.45098039
1.00000000 0.55294118 0.44705882
1.00000000 0.55686275 0.44313725
1.00000000 0.56078431 0.43921569
1.00000000 0.56470588 0.43529412
1.00000000 0.56862745 0.43137255
1.00000000 0.57254902 0.42745098
1.00000000 0.57647059 0.42352941
1.00000000 0.58039216 0.41960784
1.00000000 0.58431373 0.41568627
1.00000000 0.58823529 0.41176471
1.00000000 0.59215686 0.40784314
1.00000000 0.59607843 0.40392157
1.00000000 0.60000000 0.40000000
1.00000000 0.60392157 0.39607843
1.00000000 0.60784314 0.39215686
1.00000000 0.61176471 0.38823529
1.00000000 0.61568627 0.38431373
1.00000000 0.61960784 0.38039216
1.00000000 0.62352941 0.37647059
1.00000000 0.62745098 0.37254902
1.00000000 0.63137255 0.36862745
1.00000000 0.63529412 0.36470588
1.00000000 0.63921569 0.36078431
1.00000000 0.64313725 0.35686275
1.00000000 0.64705882 0.35294118
1.00000000 0.65098039 0.34901961
1.00000000 0.65490196 0.34509804
1.00000000 0.65882353 0.34117647
1.00000000 0.66274510 0.33725490
1.00000000 0.66666667 0.33333333
1.00000000 0.67058824 0.32941176
1.00000000 0.67450980 0.32549020
1.00000000 0.67843137 0.32156863
1.00000000 0.68235294 0.31764706
1.00000000 0.68627451 0.31372549
1.00000000 0.69019608 0.30980392
1.00000000 0.69411765 0.30588235
1.00000000 0.69803922 0.30196078
1.00000000 0.70196078 0.29803922
1.00000000 0.70588235 0.29411765
1.00000000 0.70980392 0.29019608
1.00000000 0.71372549 0.28627451
1.00000000 0.71764706 0.28235294
1.00000000 0.72156863 0.27843137
1.00000000 0.72549020 0.27450980
1.00000000 0.72941176 0.27058824
1.00000000 0.73333333 0.26666667
1.00000000 0.73725490 0.26274510
1.00000000 0.74117647 0.25882353
1.00000000 0.74509804 0.25490196
1.00000000 0.74901961 0.25098039
1.00000000 0.75294118 0.24705882
1.00000000 0.75686275 0.24313725
1.00000000 0.76078431 0.23921569
1.00000000 0.76470588 0.23529412
1.00000000 0.76862745 0.23137255
1.00000000 0.77254902 0.22745098
1.00000000 0.77647059 0.22352941
1.00000000 0.78039216 0.21960784
1.00000000 0.78431373 0.21568627
1.00000000 0.78823529 0.21176471
1.00000000 0.79215686 0.20784314
1.00000000 0.79607843 0.20392157
1.00000000 0.80000000 0.20000000
1.00000000 0.80392157 0.19607843
1.00000000 0.80784314 0.19215686
1.00000000 0.81176471 0.18823529
1.00000000 0.81568627 0.18431373
1.00000000 0.81960784 0.18039216
1.00000000 0.82352941 0.17647059
1.00000000 0.82745098 0.17254902
1.00000000 0.83137255 0.16862745
1.00000000 0.83529412 0.16470588
1.00000000 0.83921569 0.16078431
1.00000000 0.84313725 0.15686275
1.00000000 0.84705882 0.15294118
1.00000000 0.85098039 0.14901961
1.00000000 0.85490196 0.14509804
1.00000000 0.85882353 0.14117647
1.00000000 0.86274510 0.13725490
1.00000000 0.86666667 0.13333333
1.00000000 0.87058824 0.12941176
1.00000000 0.87450980 0.12549020
1.00000000 0.87843137 0.12156863
1.00000000 0.88235294 0.11764706
1.00000000 0.88627451 0.11372549
1.00000000 0.89019608 0.10980392
1.00000000 0.89411765 0.10588235
1.00000000 0.89803922 0.10196078
1.00000000 0.90196078 0.09803922
1.00000000 0.90588235 0.09411765
1.00000000 0.90980392 0.09019608
1.00000000 0.91372549 0.08627451
1.00000000 0.91764706 0.08235294
1.00000000 0.92156863 0.07843137
1.00000000 0.92549020 0.07450980
1.00000000 0.92941176 0.07058824
1.00000000 0.93333333 0.06666667
1.00000000 0.93725490 0.06274510
1.00000000 0.94117647 0.05882353
1.00000000 0.94509804 0.05490196
1.00000000 0.94901961 0.05098039
1.00000000 0.95294118 0.04705882
1.00000000 0.95686275 0.04313725
1.00000000 0.96078431 0.03921569
1.00000000 0.96470588 0.03529412
1.00000000 0.96862745 0.03137255
1.00000000 0.97254902 0.02745098
1.00000000 0.97647059 0.02352941
1.00000000 0.98039216 0.01960784
1.00000000 0.98431373 0.01568627
1.00000000 0.98823529 0.01176471
1.00000000 0.99215686 0.00784314
1.00000000 0.99607843 0.00392157
1.00000000 1.00000000 0.00000000
