1.00000000 1.00000000 0.85098040
0.99778547 0.99913879 0.84605922
0.99557093 0.99827759 0.84113803
0.99335640 0.99741638 0.83621685
0.99114187 0.99655517 0.83129567
0.98892734 0.99569396 0.82637448
0.98671280 0.99483276 0.82145330
0.98449827 0.99397155 0.81653211
0.98228374 0.99311034 0.81161093
0.98006921 0.99224914 0.80668975
0.97785467 0.99138793 0.80176856
0.97564014 0.99052672 0.79684738
0.97342561 0.98966551 0.79192619
0.97121107 0.98880431 0.78700501
0.96899654 0.98794310 0.78208383
0.96678201 0.98708189 0.77716264
0.96456748 0.98622069 0.77224146
0.96235294 0.98535948 0.76732028
0.96013841 0.98449827 0.76239909
0.95792388 0.98363706 0.75747791
0.95570935 0.98277586 0.75255672
0.95349481 0.98191465 0.74763554
0.95128028 0.98105344 0.74271436
0.94906575 0.98019223 0.73779317
0.94685121 0.97933103 0.73287199
0.94463668 0.97846982 0.72795080
0.94242215 0.97760861 0.72302962
0.94020762 0.97674741 0.71810844
0.93799308 0.97588620 0.71318725
0.93577855 0.97502499 0.70826607
0.93356402 0.97416378 0.70334489
0.93134949 0.97330258 0.69842370
0.92882738 0.97231834 0.69416380
0.92415225 0.97047290 0.69453289
0.91947713 0.96862745 0.69490198
0.91480200 0.96678201 0.69527107
0.91012688 0.96493656 0.69564016
0.90545175 0.96309112 0.69600925
0.90077663 0.96124568 0.69637833
0.89610151 0.95940023 0.69674742
0.89142638 0.95755479 0.69711651
0.88675126 0.95570935 0.69748560
0.88207613 0.95386390 0.69785469
0.87740101 0.95201846 0.69822378
0.87272588 0.95017301 0.69859287
0.86805076 0.94832757 0.69896196
0.86337563 0.94648213 0.69933104
0.85870051 0.94463668 0.69970013
0.85402538 0.94279124 0.70006922
0.84935026 0.94094579 0.70043831
0.84467513 0.93910035 0.70080740
0.84000001 0.93725491 0.70117649
0.83532488 0.93540946 0.70154558
0.83064976 0.93356402 0.70191467
0.82597464 0.93171857 0.70228375
0.82129951 0.92987313 0.70265284
0.81662439 0.92802769 0.70302193
0.81194926 0.92618224 0.70339102
0.80727414 0.92433680 0.70376011
0.80259901 0.92249135 0.70412920
0.79792389 0.92064591 0.70449829
0.79324876 0.91880047 0.70486738
0.78857364 0.91695502 0.70523647
0.78389851 0.91510958 0.70560555
0.77817764 0.91286429 0.70609767
0.76931951 0.90941946 0.70695888
0.76046137 0.90597463 0.70782009
0.75160324 0.90252980 0.70868129
0.74274511 0.89908497 0.70954250
0.73388698 0.89564014 0.71040371
0.72502885 0.89219532 0.71126492
0.71617071 0.88875049 0.71212612
0.70731258 0.88530566 0.71298733
0.69845445 0.88186083 0.71384854
0.68959632 0.87841600 0.71470974
0.68073819 0.87497117 0.71557095
0.67188005 0.87152634 0.71643216
0.66302192 0.86808151 0.71729337
0.65416379 0.86463669 0.71815457
0.64530566 0.86119186 0.71901578
0.63644753 0.85774703 0.71987699
0.62758939 0.85430220 0.72073819
0.61873126 0.85085737 0.72159940
0.60987313 0.84741254 0.72246061
0.60101500 0.84396771 0.72332182
0.59215687 0.84052289 0.72418302
0.58329874 0.83707806 0.72504423
0.57444060 0.83363323 0.72590544
0.56558247 0.83018840 0.72676664
0.55672434 0.82674357 0.72762785
0.54786621 0.82329874 0.72848906
0.53900808 0.81985391 0.72935027
0.53014994 0.81640908 0.73021147
0.52129181 0.81296426 0.73107268
0.51243368 0.80951943 0.73193389
0.50357555 0.80607460 0.73279509
0.49517878 0.80286045 0.73374857
0.48755094 0.80003077 0.73485584
0.47992311 0.79720109 0.73596311
0.47229527 0.79437141 0.73707037
0.46466744 0.79154173 0.73817764
0.45703960 0.78871205 0.73928491
0.44941177 0.78588237 0.74039217
0.44178393 0.78305268 0.74149944
0.43415610 0.78022300 0.74260671
0.42652826 0.77739332 0.74371397
0.41890043 0.77456364 0.74482124
0.41127259 0.77173396 0.74592850
0.40364476 0.76890428 0.74703577
0.39601692 0.76607460 0.74814304
0.38838909 0.76324492 0.74925030
0.38076125 0.76041524 0.75035757
0.37313342 0.75758556 0.75146484
0.36550558 0.75475588 0.75257210
0.35787775 0.75192620 0.75367937
0.35024991 0.74909652 0.75478664
0.34262208 0.74626684 0.75589390
0.33499424 0.74343715 0.75700117
0.32736641 0.74060747 0.75810843
0.31973857 0.73777779 0.75921570
0.31211074 0.73494811 0.76032297
0.30448290 0.73211843 0.76143023
0.29685507 0.72928875 0.76253750
0.28922723 0.72645907 0.76364477
0.28159940 0.72362939 0.76475203
0.27397156 0.72079971 0.76585930
0.26634373 0.71797003 0.76696657
0.25871589 0.71514035 0.76807383
0.25268744 0.71144946 0.76838141
0.24825838 0.70689736 0.76788929
0.24382931 0.70234527 0.76739717
0.23940024 0.69779317 0.76690505
0.23497118 0.69324108 0.76641293
0.23054211 0.68868898 0.76592081
0.22611305 0.68413689 0.76542870
0.22168398 0.67958479 0.76493658
0.21725491 0.67503270 0.76444446
0.21282585 0.67048060 0.76395234
0.20839678 0.66592851 0.76346022
0.20396771 0.66137641 0.76296810
0.19953865 0.65682432 0.76247598
0.19510958 0.65227222 0.76198387
0.19068052 0.64772013 0.76149175
0.18625145 0.64316803 0.76099963
0.18182238 0.63861594 0.76050751
0.17739332 0.63406384 0.76001539
0.17296425 0.62951175 0.75952327
0.16853518 0.62495965 0.75903116
0.16410612 0.62040756 0.75853904
0.15967705 0.61585546 0.75804692
0.15524799 0.61130337 0.75755480
0.15081892 0.60675127 0.75706268
0.14638985 0.60219918 0.75657056
0.14196079 0.59764708 0.75607845
0.13753172 0.59309499 0.75558633
0.13310266 0.58854289 0.75509421
0.12867359 0.58399080 0.75460209
0.12424452 0.57943870 0.75410997
0.11981546 0.57488661 0.75361785
0.11538639 0.57033451 0.75312574
0.11410996 0.56470591 0.75109575
0.11472511 0.55843140 0.74814304
0.11534025 0.55215689 0.74519033
0.11595540 0.54588238 0.74223762
0.11657055 0.53960787 0.73928491
0.11718570 0.53333336 0.73633220
0.11780085 0.52705885 0.73337949
0.11841600 0.52078434 0.73042678
0.11903114 0.51450982 0.72747406
0.11964629 0.50823531 0.72452135
0.12026144 0.50196080 0.72156864
0.12087659 0.49568629 0.71861593
0.12149174 0.48941178 0.71566322
0.12210689 0.48313727 0.71271051
0.12272203 0.47686276 0.70975780
0.12333718 0.47058825 0.70680509
0.12395233 0.46431374 0.70385238
0.12456748 0.45803923 0.70089967
0.12518263 0.45176472 0.69794696
0.12579777 0.44549021 0.69499425
0.12641292 0.43921570 0.69204154
0.12702807 0.43294119 0.68908883
0.12764322 0.42666668 0.68613612
0.12825837 0.42039217 0.68318341
0.12887352 0.41411766 0.68023070
0.12948866 0.40784315 0.67727799
0.13010381 0.40156864 0.67432528
0.13071896 0.39529413 0.67137257
0.13133411 0.38901962 0.66841986
0.13194926 0.38274511 0.66546715
0.13256441 0.37647060 0.66251444
0.13317955 0.37019609 0.65956173
0.13361016 0.36475203 0.65697811
0.13397925 0.35958478 0.65451751
0.13434833 0.35441754 0.65205692
0.13471742 0.34925030 0.64959633
0.13508651 0.34408305 0.64713574
0.13545560 0.33891581 0.64467515
0.13582469 0.33374857 0.64221455
0.13619378 0.32858132 0.63975396
0.13656287 0.32341408 0.63729337
0.13693196 0.31824683 0.63483278
0.13730104 0.31307959 0.63237219
0.13767013 0.30791235 0.62991159
0.13803922 0.30274510 0.62745100
0.13840831 0.29757786 0.62499041
0.13877740 0.29241062 0.62252982
0.13914649 0.28724337 0.62006923
0.13951558 0.28207613 0.61760863
0.13988467 0.27690889 0.61514804
0.14025376 0.27174164 0.61268745
0.14062284 0.26657440 0.61022686
0.14099193 0.26140716 0.60776627
0.14136102 0.25623991 0.60530568
0.14173011 0.25107267 0.60284508
0.14209920 0.24590543 0.60038449
0.14246829 0.24073818 0.59792390
0.14283738 0.23557094 0.59546331
0.14320647 0.23040369 0.59300272
0.14357555 0.22523645 0.59054212
0.14394464 0.22006921 0.58808153
0.14431373 0.21490196 0.58562094
0.14468282 0.20973472 0.58316035
0.14505191 0.20456748 0.58069976
0.14197617 0.20144560 0.57393313
0.13840831 0.19861592 0.56655135
0.13484045 0.19578624 0.55916957
0.13127259 0.19295656 0.55178780
0.12770473 0.19012688 0.54440602
0.12413688 0.18729720 0.53702424
0.12056902 0.18446751 0.52964247
0.11700116 0.18163783 0.52226069
0.11343330 0.17880815 0.51487891
0.10986544 0.17597847 0.50749714
0.10629758 0.17314879 0.50011536
0.10272972 0.17031911 0.49273358
0.09916187 0.16748943 0.48535181
0.09559401 0.16465975 0.47797003
0.09202615 0.16183007 0.47058825
0.08845829 0.15900039 0.46320648
0.08489043 0.15617071 0.45582470
0.08132257 0.15334102 0.44844292
0.07775471 0.15051134 0.44106115
0.07418685 0.14768166 0.43367937
0.07061900 0.14485198 0.42629759
0.06705114 0.14202230 0.41891582
0.06348328 0.13919262 0.41153404
0.05991542 0.13636294 0.40415226
0.05634756 0.13353326 0.39677049
0.05277970 0.13070358 0.38938871
0.04921184 0.12787390 0.38200693
0.04564399 0.12504421 0.37462516
0.04207613 0.12221453 0.36724338
0.03850827 0.11938485 0.35986160
0.03494041 0.11655517 0.35247983
0.03137255 0.11372549 0.34509805
