1.00000000 1.00000000 0.89803922
0.99901576 0.99963091 0.89262592
0.99803153 0.99926182 0.88721262
0.99704729 0.99889273 0.88179932
0.99606305 0.99852364 0.87638601
0.99507882 0.99815456 0.87097271
0.99409458 0.99778547 0.86555941
0.99311034 0.99741638 0.86014611
0.99212611 0.99704729 0.85473280
0.99114187 0.99667820 0.84931950
0.99015763 0.99630911 0.84390620
0.98917340 0.99594002 0.83849290
0.98818916 0.99557093 0.83307959
0.98720492 0.99520185 0.82766629
0.98622069 0.99483276 0.82225299
0.98523645 0.99446367 0.81683969
0.98425221 0.99409458 0.81142639
0.98326797 0.99372549 0.80601308
0.98228374 0.99335640 0.80059978
0.98129950 0.99298731 0.79518648
0.98031526 0.99261822 0.78977318
0.97933103 0.99224914 0.78435987
0.97834679 0.99188005 0.77894657
0.97736255 0.99151096 0.77353327
0.97637832 0.99114187 0.76811997
0.97539408 0.99077278 0.76270667
0.97440984 0.99040369 0.75729336
0.97342561 0.99003460 0.75188006
0.97244137 0.98966551 0.74646676
0.97145713 0.98929643 0.74105346
0.97047290 0.98892734 0.73564015
0.96948866 0.98855825 0.73022685
0.96816609 0.98805075 0.72515188
0.96447520 0.98657440 0.72244523
0.96078432 0.98509804 0.71973858
0.95709343 0.98362168 0.71703193
0.95340254 0.98214533 0.71432528
0.94971165 0.98066897 0.71161863
0.94602076 0.97919262 0.70891197
0.94232988 0.97771626 0.70620532
0.93863899 0.97623991 0.70349867
0.93494810 0.97476355 0.70079202
0.93125721 0.97328720 0.69808537
0.92756632 0.97181084 0.69537872
0.92387544 0.97033449 0.69267207
0.92018455 0.96885813 0.68996542
0.91649366 0.96738178 0.68725877
0.91280277 0.96590542 0.68455211
0.90911189 0.96442907 0.68184546
0.90542100 0.96295271 0.67913881
0.90173011 0.96147636 0.67643216
0.89803922 0.96000000 0.67372551
0.89434833 0.95852365 0.67101886
0.89065745 0.95704729 0.66831221
0.88696656 0.95557094 0.66560556
0.88327567 0.95409458 0.66289891
0.87958478 0.95261823 0.66019225
0.87589389 0.95114187 0.65748560
0.87220301 0.94966552 0.65477895
0.86851212 0.94818916 0.65207230
0.86482123 0.94671281 0.64936565
0.86113034 0.94523645 0.64665900
0.85743945 0.94376010 0.64395235
0.85374857 0.94228374 0.64124570
0.84962708 0.94059208 0.63856980
0.84421377 0.93825452 0.63598618
0.83880047 0.93591696 0.63340256
0.83338717 0.93357940 0.63081894
0.82797387 0.93124183 0.62823532
0.82256056 0.92890427 0.62565169
0.81714726 0.92656671 0.62306807
0.81173396 0.92422915 0.62048445
0.80632066 0.92189158 0.61790083
0.80090736 0.91955402 0.61531721
0.79549405 0.91721646 0.61273359
0.79008075 0.91487890 0.61014997
0.78466745 0.91254134 0.60756634
0.77925415 0.91020377 0.60498272
0.77384084 0.90786621 0.60239910
0.76842754 0.90552865 0.59981548
0.76301424 0.90319109 0.59723186
0.75760094 0.90085352 0.59464824
0.75218763 0.89851596 0.59206461
0.74677433 0.89617840 0.58948099
0.74136103 0.89384084 0.58689737
0.73594773 0.89150327 0.58431375
0.73053443 0.88916571 0.58173013
0.72512112 0.88682815 0.57914651
0.71970782 0.88449059 0.57656289
0.71429452 0.88215303 0.57397926
0.70888122 0.87981546 0.57139564
0.70346791 0.87747790 0.56881202
0.69805461 0.87514034 0.56622840
0.69264131 0.87280278 0.56364478
0.68722801 0.87046521 0.56106116
0.68181471 0.86812765 0.55847753
0.67598618 0.86560554 0.55589391
0.66946561 0.86277586 0.55331029
0.66294504 0.85994618 0.55072667
0.65642447 0.85711650 0.54814305
0.64990390 0.85428682 0.54555942
0.64338333 0.85145714 0.54297580
0.63686276 0.84862746 0.54039218
0.63034219 0.84579778 0.53780856
0.62382162 0.84296810 0.53522493
0.61730105 0.84013842 0.53264131
0.61078048 0.83730874 0.53005769
0.60425991 0.83447906 0.52747407
0.59773934 0.83164938 0.52489044
0.59121877 0.82881969 0.52230682
0.58469820 0.82599001 0.51972320
0.57817763 0.82316033 0.51713958
0.57165707 0.82033065 0.51455595
0.56513650 0.81750097 0.51197233
0.55861593 0.81467129 0.50938871
0.55209536 0.81184161 0.50680509
0.54557479 0.80901193 0.50422146
0.53905422 0.80618225 0.50163784
0.53253365 0.80335257 0.49905422
0.52601308 0.80052289 0.49647060
0.51949251 0.79769321 0.49388697
0.51297194 0.79486353 0.49130335
0.50645137 0.79203385 0.48871973
0.49993080 0.78920416 0.48613611
0.49341023 0.78637448 0.48355248
0.48688966 0.78354480 0.48096886
0.48036909 0.78071512 0.47838524
0.47384852 0.77788544 0.47580162
0.46720492 0.77480970 0.47278739
0.46043830 0.77148790 0.46934256
0.45367167 0.76816610 0.46589773
0.44690504 0.76484430 0.46245290
0.44013841 0.76152251 0.45900808
0.43337178 0.75820071 0.45556325
0.42660516 0.75487891 0.45211842
0.41983853 0.75155711 0.44867359
0.41307190 0.74823531 0.44522876
0.40630527 0.74491351 0.44178393
0.39953864 0.74159171 0.43833910
0.39277202 0.73826991 0.43489428
0.38600539 0.73494811 0.43144945
0.37923876 0.73162631 0.42800462
0.37247213 0.72830451 0.42455979
0.36570551 0.72498272 0.42111496
0.35893888 0.72166092 0.41767013
0.35217225 0.71833912 0.41422530
0.34540562 0.71501732 0.41078047
0.33863899 0.71169552 0.40733565
0.33187237 0.70837372 0.40389082
0.32510574 0.70505192 0.40044599
0.31833911 0.70173012 0.39700116
0.31157248 0.69840832 0.39355633
0.30480586 0.69508652 0.39011150
0.29803923 0.69176472 0.38666667
0.29127260 0.68844293 0.38322184
0.28450597 0.68512113 0.37977702
0.27773934 0.68179933 0.37633219
0.27097272 0.67847753 0.37288736
0.26420609 0.67515573 0.36944253
0.25743946 0.67183393 0.36599770
0.25259517 0.66758941 0.36270666
0.24890428 0.66279125 0.35950789
0.24521339 0.65799310 0.35630912
0.24152251 0.65319495 0.35311035
0.23783162 0.64839679 0.34991158
0.23414073 0.64359864 0.34671281
0.23044984 0.63880048 0.34351404
0.22675895 0.63400233 0.34031527
0.22306806 0.62920417 0.33711650
0.21937717 0.62440602 0.33391773
0.21568629 0.61960787 0.33071896
0.21199540 0.61480971 0.32752019
0.20830451 0.61001156 0.32432143
0.20461362 0.60521340 0.32112266
0.20092273 0.60041525 0.31792389
0.19723184 0.59561709 0.31472512
0.19354096 0.59081894 0.31152635
0.18985007 0.58602079 0.30832758
0.18615918 0.58122263 0.30512881
0.18246829 0.57642448 0.30193004
0.17877740 0.57162632 0.29873127
0.17508651 0.56682817 0.29553250
0.17139563 0.56203001 0.29233373
0.16770474 0.55723186 0.28913496
0.16401385 0.55243371 0.28593619
0.16032296 0.54763555 0.28273742
0.15663207 0.54283740 0.27953865
0.15294118 0.53803924 0.27633988
0.14925030 0.53324109 0.27314111
0.14555941 0.52844293 0.26994234
0.14186852 0.52364478 0.26674357
0.13817763 0.51884663 0.26354480
0.13402538 0.51506347 0.26163785
0.12971935 0.51161864 0.26016149
0.12541331 0.50817381 0.25868513
0.12110727 0.50472898 0.25720878
0.11680124 0.50128415 0.25573242
0.11249520 0.49783932 0.25425607
0.10818916 0.49439449 0.25277971
0.10388313 0.49094966 0.25130336
0.09957709 0.48750483 0.24982700
0.09527105 0.48406000 0.24835064
0.09096502 0.48061517 0.24687429
0.08665898 0.47717034 0.24539793
0.08235295 0.47372551 0.24392158
0.07804691 0.47028068 0.24244522
0.07374087 0.46683585 0.24096887
0.06943484 0.46339102 0.23949251
0.06512880 0.45994619 0.23801616
0.06082276 0.45650136 0.23653980
0.05651673 0.45305653 0.23506344
0.05221069 0.44961170 0.23358709
0.04790465 0.44616687 0.23211073
0.04359862 0.44272204 0.23063438
0.03929258 0.43927721 0.22915802
0.03498655 0.43583238 0.22768167
0.03068051 0.43238755 0.22620531
0.02637447 0.42894272 0.22472895
0.02206844 0.42549789 0.22325260
0.01776240 0.42205307 0.22177624
0.01345636 0.41860824 0.22029989
0.00915033 0.41516341 0.21882353
0.00484429 0.41171858 0.21734718
0.00053825 0.40827375 0.21587082
0.00000000 0.40407536 0.21417916
0.00000000 0.39976933 0.21245675
0.00000000 0.39546329 0.21073434
0.00000000 0.39115725 0.20901192
0.00000000 0.38685122 0.20728951
0.00000000 0.38254518 0.20556709
0.00000000 0.37823915 0.20384468
0.00000000 0.37393311 0.20212226
0.00000000 0.36962707 0.20039985
0.00000000 0.36532104 0.19867743
0.00000000 0.36101500 0.19695502
0.00000000 0.35670897 0.19523261
0.00000000 0.35240293 0.19351019
0.00000000 0.34809689 0.19178778
0.00000000 0.34379086 0.19006536
0.00000000 0.33948482 0.18834295
0.00000000 0.33517879 0.18662053
0.00000000 0.33087275 0.18489812
0.00000000 0.32656672 0.18317571
0.00000000 0.32226068 0.18145329
0.00000000 0.31795464 0.17973088
0.00000000 0.31364861 0.17800846
0.00000000 0.30934257 0.17628605
0.00000000 0.30503654 0.17456363
0.00000000 0.30073050 0.17284122
0.00000000 0.29642446 0.17111881
0.00000000 0.29211843 0.16939639
0.00000000 0.28781239 0.16767398
0.00000000 0.28350636 0.16595156
0.00000000 0.27920032 0.16422915
0.00000000 0.27489428 0.16250673
0.00000000 0.27058825 0.16078432
