1.00000000 1.00000000 0.80000001
1.00000000 0.99778547 0.79458671
1.00000000 0.99557093 0.78917341
1.00000000 0.99335640 0.78376011
1.00000000 0.99114187 0.77834680
1.00000000 0.98892734 0.77293350
1.00000000 0.98671280 0.76752020
1.00000000 0.98449827 0.76210690
1.00000000 0.98228374 0.75669359
1.00000000 0.98006921 0.75128029
1.00000000 0.97785467 0.74586699
1.00000000 0.97564014 0.74045369
1.00000000 0.97342561 0.73504038
1.00000000 0.97121107 0.72962708
1.00000000 0.96899654 0.72421378
1.00000000 0.96678201 0.71880048
1.00000000 0.96456748 0.71338718
1.00000000 0.96235294 0.70797387
1.00000000 0.96013841 0.70256057
1.00000000 0.95792388 0.69714727
1.00000000 0.95570935 0.69173397
1.00000000 0.95349481 0.68632066
1.00000000 0.95128028 0.68090736
1.00000000 0.94906575 0.67549406
1.00000000 0.94685121 0.67008076
1.00000000 0.94463668 0.66466746
1.00000000 0.94242215 0.65925415
1.00000000 0.94020762 0.65384085
1.00000000 0.93799308 0.64842755
1.00000000 0.93577855 0.64301425
1.00000000 0.93356402 0.63760094
1.00000000 0.93134949 0.63218764
0.99998462 0.92910419 0.62680510
0.99986159 0.92664360 0.62163785
0.99973856 0.92418301 0.61647061
0.99961553 0.92172242 0.61130337
0.99949250 0.91926183 0.60613612
0.99936947 0.91680124 0.60096888
0.99924644 0.91434064 0.59580163
0.99912341 0.91188005 0.59063439
0.99900038 0.90941946 0.58546715
0.99887735 0.90695887 0.58029990
0.99875433 0.90449828 0.57513266
0.99863130 0.90203768 0.56996541
0.99850827 0.89957709 0.56479817
0.99838524 0.89711650 0.55963093
0.99826221 0.89465591 0.55446368
0.99813918 0.89219532 0.54929644
0.99801615 0.88973472 0.54412919
0.99789312 0.88727413 0.53896195
0.99777009 0.88481354 0.53379471
0.99764706 0.88235295 0.52862746
0.99752403 0.87989236 0.52346022
0.99740100 0.87743176 0.51829297
0.99727797 0.87497117 0.51312573
0.99715494 0.87251058 0.50795849
0.99703191 0.87004999 0.50279124
0.99690888 0.86758940 0.49762400
0.99678585 0.86512880 0.49245675
0.99666282 0.86266821 0.48728951
0.99653979 0.86020762 0.48212227
0.99641676 0.85774703 0.47695502
0.99629373 0.85528644 0.47178778
0.99617070 0.85282584 0.46662053
0.99607843 0.84978086 0.46145329
0.99607843 0.84498271 0.45628605
0.99607843 0.84018455 0.45111880
0.99607843 0.83538640 0.44595156
0.99607843 0.83058825 0.44078432
0.99607843 0.82579009 0.43561707
0.99607843 0.82099194 0.43044983
0.99607843 0.81619378 0.42528259
0.99607843 0.81139563 0.42011535
0.99607843 0.80659747 0.41494810
0.99607843 0.80179932 0.40978086
0.99607843 0.79700117 0.40461362
0.99607843 0.79220301 0.39944637
0.99607843 0.78740486 0.39427913
0.99607843 0.78260670 0.38911189
0.99607843 0.77780855 0.38394464
0.99607843 0.77301039 0.37877740
0.99607843 0.76821224 0.37361016
0.99607843 0.76341409 0.36844291
0.99607843 0.75861593 0.36327567
0.99607843 0.75381778 0.35810843
0.99607843 0.74901962 0.35294119
0.99607843 0.74422147 0.34777394
0.99607843 0.73942331 0.34260670
0.99607843 0.73462516 0.33743946
0.99607843 0.72982701 0.33227221
0.99607843 0.72502885 0.32710497
0.99607843 0.72023070 0.32193773
0.99607843 0.71543254 0.31677048
0.99607843 0.71063439 0.31160324
0.99607843 0.70583623 0.30643600
0.99607843 0.70103808 0.30126875
0.99603230 0.69633220 0.29730105
0.99590927 0.69178010 0.29533258
0.99578624 0.68722801 0.29336410
0.99566321 0.68267591 0.29139563
0.99554018 0.67812382 0.28942715
0.99541715 0.67357172 0.28745868
0.99529412 0.66901963 0.28549021
0.99517109 0.66446753 0.28352173
0.99504806 0.65991544 0.28155326
0.99492503 0.65536334 0.27958478
0.99480200 0.65081125 0.27761631
0.99467897 0.64625915 0.27564784
0.99455594 0.64170706 0.27367936
0.99443291 0.63715496 0.27171089
0.99430988 0.63260287 0.26974241
0.99418685 0.62805077 0.26777394
0.99406382 0.62349868 0.26580547
0.99394079 0.61894658 0.26383699
0.99381776 0.61439449 0.26186852
0.99369473 0.60984239 0.25990004
0.99357170 0.60529030 0.25793157
0.99344867 0.60073820 0.25596310
0.99332564 0.59618611 0.25399462
0.99320261 0.59163401 0.25202615
0.99307959 0.58708192 0.25005767
0.99295656 0.58252982 0.24808920
0.99283353 0.57797773 0.24612073
0.99271050 0.57342563 0.24415225
0.99258747 0.56887354 0.24218378
0.99246444 0.56432144 0.24021530
0.99234141 0.55976935 0.23824683
0.99221838 0.55521725 0.23627836
0.99209535 0.54906577 0.23418685
0.99197232 0.54131490 0.23197232
0.99184929 0.53356404 0.22975779
0.99172626 0.52581317 0.22754325
0.99160323 0.51806231 0.22532872
0.99148020 0.51031144 0.22311419
0.99135717 0.50256058 0.22089966
0.99123414 0.49480971 0.21868512
0.99111111 0.48705885 0.21647059
0.99098808 0.47930798 0.21425606
0.99086505 0.47155712 0.21204152
0.99074202 0.46380625 0.20982699
0.99061899 0.45605538 0.20761246
0.99049596 0.44830452 0.20539793
0.99037293 0.44055365 0.20318339
0.99024990 0.43280279 0.20096886
0.99012687 0.42505192 0.19875433
0.99000385 0.41730106 0.19653980
0.98988082 0.40955019 0.19432526
0.98975779 0.40179933 0.19211073
0.98963476 0.39404846 0.18989620
0.98951173 0.38629759 0.18768166
0.98938870 0.37854673 0.18546713
0.98926567 0.37079586 0.18325260
0.98914264 0.36304500 0.18103807
0.98901961 0.35529413 0.17882353
0.98889658 0.34754327 0.17660900
0.98877355 0.33979240 0.17439447
0.98865052 0.33204154 0.17217994
0.98852749 0.32429067 0.16996540
0.98840446 0.31653980 0.16775087
0.98828143 0.30878894 0.16553634
0.98631296 0.30188390 0.16362938
0.98323722 0.29548636 0.16190696
0.98016148 0.28908882 0.16018455
0.97708574 0.28269128 0.15846213
0.97401000 0.27629374 0.15673972
0.97093426 0.26989620 0.15501731
0.96785852 0.26349866 0.15329489
0.96478278 0.25710112 0.15157248
0.96170704 0.25070358 0.14985006
0.95863130 0.24430604 0.14812765
0.95555556 0.23790850 0.14640523
0.95247982 0.23151097 0.14468282
0.94940408 0.22511343 0.14296040
0.94632834 0.21871589 0.14123799
0.94325260 0.21231835 0.13951557
0.94017686 0.20592081 0.13779316
0.93710112 0.19952327 0.13607074
0.93402538 0.19312573 0.13434833
0.93094964 0.18672819 0.13262592
0.92787390 0.18033065 0.13090350
0.92479816 0.17393311 0.12918109
0.92172242 0.16753557 0.12745867
0.91864668 0.16113803 0.12573626
0.91557094 0.15474049 0.12401384
0.91249520 0.14834295 0.12229143
0.90941946 0.14194541 0.12056901
0.90634372 0.13554787 0.11884660
0.90326798 0.12915033 0.11712418
0.90019224 0.12275279 0.11540177
0.89711650 0.11635525 0.11367936
0.89404076 0.10995771 0.11195694
0.89096502 0.10356017 0.11023453
0.88668974 0.09956171 0.11072664
0.88201462 0.09636294 0.11195694
0.87733949 0.09316417 0.11318724
0.87266437 0.08996540 0.11441753
0.86798924 0.08676663 0.11564783
0.86331412 0.08356786 0.11687813
0.85863899 0.08036909 0.11810842
0.85396387 0.07717032 0.11933872
0.84928874 0.07397155 0.12056901
0.84461362 0.07077278 0.12179931
0.83993849 0.06757401 0.12302961
0.83526337 0.06437524 0.12425990
0.83058825 0.06117647 0.12549020
0.82591312 0.05797770 0.12672050
0.82123800 0.05477893 0.12795079
0.81656287 0.05158016 0.12918109
0.81188775 0.04838139 0.13041138
0.80721262 0.04518262 0.13164168
0.80253750 0.04198385 0.13287198
0.79786237 0.03878508 0.13410227
0.79318725 0.03558631 0.13533257
0.78851212 0.03238754 0.13656286
0.78383700 0.02918877 0.13779316
0.77916187 0.02599000 0.13902346
0.77448675 0.02279123 0.14025375
0.76981162 0.01959246 0.14148405
0.76513650 0.01639369 0.14271435
0.76046138 0.01319493 0.14394464
0.75578625 0.00999616 0.14517494
0.75111113 0.00679739 0.14640523
0.74643600 0.00359862 0.14763553
0.74176088 0.00039985 0.14886583
0.73460978 0.00000000 0.14901961
0.72710498 0.00000000 0.14901961
0.71960017 0.00000000 0.14901961
0.71209537 0.00000000 0.14901961
0.70459056 0.00000000 0.14901961
0.69708575 0.00000000 0.14901961
0.68958095 0.00000000 0.14901961
0.68207614 0.00000000 0.14901961
0.67457134 0.00000000 0.14901961
0.66706653 0.00000000 0.14901961
0.65956173 0.00000000 0.14901961
0.65205692 0.00000000 0.14901961
0.64455212 0.00000000 0.14901961
0.63704731 0.00000000 0.14901961
0.62954251 0.00000000 0.14901961
0.62203770 0.00000000 0.14901961
0.61453289 0.00000000 0.14901961
0.60702809 0.00000000 0.14901961
0.59952328 0.00000000 0.14901961
0.59201848 0.00000000 0.14901961
0.58451367 0.00000000 0.14901961
0.57700887 0.00000000 0.14901961
0.56950406 0.00000000 0.14901961
0.56199926 0.00000000 0.14901961
0.55449445 0.00000000 0.14901961
0.54698965 0.00000000 0.14901961
0.53948484 0.00000000 0.14901961
0.53198004 0.00000000 0.14901961
0.52447523 0.00000000 0.14901961
0.51697042 0.00000000 0.14901961
0.50946562 0.00000000 0.14901961
0.50196081 0.00000000 0.14901961
