1.00000000 1.00000000 0.89803922
1.00000000 0.99901576 0.89299501
1.00000000 0.99803153 0.88795079
1.00000000 0.99704729 0.88290658
1.00000000 0.99606305 0.87786237
1.00000000 0.99507882 0.87281815
1.00000000 0.99409458 0.86777394
1.00000000 0.99311034 0.86272973
1.00000000 0.99212611 0.85768551
1.00000000 0.99114187 0.85264130
1.00000000 0.99015763 0.84759709
1.00000000 0.98917340 0.84255287
1.00000000 0.98818916 0.83750866
1.00000000 0.98720492 0.83246445
1.00000000 0.98622069 0.82742023
1.00000000 0.98523645 0.82237602
1.00000000 0.98425221 0.81733181
1.00000000 0.98326797 0.81228759
1.00000000 0.98228374 0.80724338
1.00000000 0.98129950 0.80219917
1.00000000 0.98031526 0.79715495
1.00000000 0.97933103 0.79211074
1.00000000 0.97834679 0.78706653
1.00000000 0.97736255 0.78202231
1.00000000 0.97637832 0.77697810
1.00000000 0.97539408 0.77193389
1.00000000 0.97440984 0.76688967
1.00000000 0.97342561 0.76184546
1.00000000 0.97244137 0.75680124
1.00000000 0.97145713 0.75175703
1.00000000 0.97047290 0.74671282
1.00000000 0.96948866 0.74166860
0.99998462 0.96831988 0.73659363
0.99986159 0.96585929 0.73130336
0.99973856 0.96339869 0.72601309
0.99961553 0.96093810 0.72072282
0.99949250 0.95847751 0.71543254
0.99936947 0.95601692 0.71014227
0.99924644 0.95355633 0.70485200
0.99912341 0.95109574 0.69956172
0.99900038 0.94863514 0.69427145
0.99887735 0.94617455 0.68898118
0.99875433 0.94371396 0.68369091
0.99863130 0.94125337 0.67840063
0.99850827 0.93879278 0.67311036
0.99838524 0.93633218 0.66782009
0.99826221 0.93387159 0.66252982
0.99813918 0.93141100 0.65723954
0.99801615 0.92895041 0.65194927
0.99789312 0.92648982 0.64665900
0.99777009 0.92402922 0.64136873
0.99764706 0.92156863 0.63607845
0.99752403 0.91910804 0.63078818
0.99740100 0.91664745 0.62549791
0.99727797 0.91418686 0.62020764
0.99715494 0.91172626 0.61491736
0.99703191 0.90926567 0.60962709
0.99690888 0.90680508 0.60433682
0.99678585 0.90434449 0.59904654
0.99666282 0.90188390 0.59375627
0.99653979 0.89942330 0.58846600
0.99641676 0.89696271 0.58317573
0.99629373 0.89450212 0.57788545
0.99617070 0.89204153 0.57259518
0.99607843 0.88924261 0.56659749
0.99607843 0.88542869 0.55847753
0.99607843 0.88161477 0.55035758
0.99607843 0.87780085 0.54223763
0.99607843 0.87398694 0.53411767
0.99607843 0.87017302 0.52599772
0.99607843 0.86635910 0.51787776
0.99607843 0.86254518 0.50975781
0.99607843 0.85873127 0.50163785
0.99607843 0.85491735 0.49351790
0.99607843 0.85110343 0.48539794
0.99607843 0.84728951 0.47727799
0.99607843 0.84347560 0.46915804
0.99607843 0.83966168 0.46103808
0.99607843 0.83584776 0.45291813
0.99607843 0.83203384 0.44479817
0.99607843 0.82821993 0.43667822
0.99607843 0.82440601 0.42855826
0.99607843 0.82059209 0.42043831
0.99607843 0.81677817 0.41231836
0.99607843 0.81296426 0.40419840
0.99607843 0.80915034 0.39607845
0.99607843 0.80533642 0.38795849
0.99607843 0.80152250 0.37983854
0.99607843 0.79770859 0.37171858
0.99607843 0.79389467 0.36359863
0.99607843 0.79008075 0.35547868
0.99607843 0.78626683 0.34735872
0.99607843 0.78245292 0.33923877
0.99607843 0.77863900 0.33111881
0.99607843 0.77482508 0.32299886
0.99607843 0.77101116 0.31487890
0.99607843 0.76664361 0.30805076
0.99607843 0.76135334 0.30337564
0.99607843 0.75606307 0.29870051
0.99607843 0.75077279 0.29402539
0.99607843 0.74548252 0.28935026
0.99607843 0.74019225 0.28467514
0.99607843 0.73490198 0.28000001
0.99607843 0.72961170 0.27532488
0.99607843 0.72432143 0.27064976
0.99607843 0.71903116 0.26597463
0.99607843 0.71374089 0.26129951
0.99607843 0.70845061 0.25662438
0.99607843 0.70316034 0.25194926
0.99607843 0.69787007 0.24727413
0.99607843 0.69257980 0.24259901
0.99607843 0.68728952 0.23792388
0.99607843 0.68199925 0.23324876
0.99607843 0.67670898 0.22857363
0.99607843 0.67141870 0.22389851
0.99607843 0.66612843 0.21922338
0.99607843 0.66083816 0.21454826
0.99607843 0.65554789 0.20987313
0.99607843 0.65025761 0.20519801
0.99607843 0.64496734 0.20052288
0.99607843 0.63967707 0.19584776
0.99607843 0.63438680 0.19117263
0.99607843 0.62909652 0.18649751
0.99607843 0.62380625 0.18182238
0.99607843 0.61851598 0.17714726
0.99607843 0.61322571 0.17247213
0.99607843 0.60793543 0.16779701
0.99607843 0.60264516 0.16312188
0.99497117 0.59747792 0.15949251
0.99275663 0.59243370 0.15690889
0.99054210 0.58738949 0.15432526
0.98832757 0.58234527 0.15174164
0.98611303 0.57730106 0.14915802
0.98389850 0.57225684 0.14657440
0.98168397 0.56721263 0.14399078
0.97946944 0.56216842 0.14140716
0.97725490 0.55712420 0.13882353
0.97504037 0.55207999 0.13623991
0.97282584 0.54703577 0.13365629
0.97061131 0.54199156 0.13107267
0.96839677 0.53694734 0.12848905
0.96618224 0.53190313 0.12590543
0.96396771 0.52685892 0.12332180
0.96175317 0.52181470 0.12073818
0.95953864 0.51677049 0.11815456
0.95732411 0.51172627 0.11557094
0.95510958 0.50668206 0.11298732
0.95289504 0.50163784 0.11040369
0.95068051 0.49659363 0.10782007
0.94846598 0.49154941 0.10523645
0.94625144 0.48650520 0.10265283
0.94403691 0.48146099 0.10006921
0.94182238 0.47641677 0.09748559
0.93960785 0.47137256 0.09490196
0.93739331 0.46632834 0.09231834
0.93517878 0.46128413 0.08973472
0.93296425 0.45623991 0.08715110
0.93074972 0.45119570 0.08456748
0.92853518 0.44615148 0.08198386
0.92632065 0.44110727 0.07940023
0.92302961 0.43644752 0.07704729
0.91909266 0.43201846 0.07483276
0.91515571 0.42758939 0.07261823
0.91121877 0.42316033 0.07040369
0.90728182 0.41873126 0.06818916
0.90334487 0.41430220 0.06597463
0.89940793 0.40987313 0.06376009
0.89547098 0.40544407 0.06154556
0.89153403 0.40101500 0.05933103
0.88759708 0.39658593 0.05711650
0.88366014 0.39215687 0.05490196
0.87972319 0.38772780 0.05268743
0.87578624 0.38329874 0.05047290
0.87184930 0.37886967 0.04825836
0.86791235 0.37444061 0.04604383
0.86397540 0.37001154 0.04382930
0.86003846 0.36558248 0.04161477
0.85610151 0.36115341 0.03940023
0.85216456 0.35672435 0.03718570
0.84822761 0.35229528 0.03497117
0.84429067 0.34786621 0.03275663
0.84035372 0.34343715 0.03054210
0.83641677 0.33900808 0.02832757
0.83247983 0.33457902 0.02611303
0.82854288 0.33014995 0.02389850
0.82460593 0.32572089 0.02168397
0.82066898 0.32129182 0.01946944
0.81673204 0.31686276 0.01725490
0.81279509 0.31243369 0.01504037
0.80885814 0.30800463 0.01282584
0.80492120 0.30357556 0.01061130
0.80098425 0.29914649 0.00839677
0.79529413 0.29582469 0.00802768
0.78901962 0.29287198 0.00827374
0.78274511 0.28991927 0.00851980
0.77647060 0.28696656 0.00876586
0.77019609 0.28401385 0.00901192
0.76392158 0.28106114 0.00925798
0.75764707 0.27810843 0.00950404
0.75137256 0.27515572 0.00975010
0.74509805 0.27220301 0.00999616
0.73882354 0.26925030 0.01024222
0.73254904 0.26629759 0.01048827
0.72627453 0.26334488 0.01073433
0.72000002 0.26039217 0.01098039
0.71372551 0.25743945 0.01122645
0.70745100 0.25448674 0.01147251
0.70117649 0.25153403 0.01171857
0.69490198 0.24858132 0.01196463
0.68862747 0.24562861 0.01221069
0.68235296 0.24267590 0.01245675
0.67607845 0.23972319 0.01270281
0.66980394 0.23677048 0.01294887
0.66352943 0.23381777 0.01319493
0.65725492 0.23086506 0.01344099
0.65098041 0.22791235 0.01368704
0.64470590 0.22495964 0.01393310
0.63843139 0.22200692 0.01417916
0.63215688 0.21905421 0.01442522
0.62588238 0.21610150 0.01467128
0.61960787 0.21314879 0.01491734
0.61333336 0.21019608 0.01516340
0.60705885 0.20724337 0.01540946
0.60078434 0.20429066 0.01565552
0.59450983 0.20230681 0.01590158
0.58823532 0.20046136 0.01614764
0.58196081 0.19861592 0.01639370
0.57568630 0.19677048 0.01663975
0.56941179 0.19492503 0.01688581
0.56313728 0.19307959 0.01713187
0.55686277 0.19123414 0.01737793
0.55058825 0.18938870 0.01762399
0.54431374 0.18754326 0.01787005
0.53803923 0.18569781 0.01811611
0.53176472 0.18385237 0.01836217
0.52549021 0.18200692 0.01860823
0.51921570 0.18016148 0.01885429
0.51294119 0.17831604 0.01910035
0.50666668 0.17647059 0.01934641
0.50039217 0.17462515 0.01959247
0.49411766 0.17277970 0.01983852
0.48784315 0.17093426 0.02008458
0.48156864 0.16908882 0.02033064
0.47529413 0.16724337 0.02057670
0.46901962 0.16539793 0.02082276
0.46274511 0.16355248 0.02106882
0.45647060 0.16170704 0.02131488
0.45019609 0.15986160 0.02156094
0.44392158 0.15801615 0.02180700
0.43764707 0.15617071 0.02205306
0.43137256 0.15432527 0.02229912
0.42509805 0.15247982 0.02254518
0.41882354 0.15063438 0.02279123
0.41254903 0.14878893 0.02303729
0.40627452 0.14694349 0.02328335
0.40000001 0.14509805 0.02352941
