0.00000000 0.00000000 0.00000000
0.00343137 0.00343137 0.00477408
0.00686275 0.00686274 0.00954817
0.01029412 0.01029411 0.01432225
0.01372549 0.01372548 0.01909633
0.01715686 0.01715686 0.02387042
0.02058824 0.02058823 0.02864450
0.02401961 0.02401960 0.03341858
0.02745098 0.02745097 0.03819267
0.03088235 0.03088234 0.04296675
0.03431373 0.03431371 0.04774084
0.03774510 0.03774508 0.05251492
0.04117647 0.04117645 0.05728900
0.04460784 0.04460783 0.06206309
0.04803922 0.04803920 0.06683717
0.05147059 0.05147057 0.07161125
0.05490196 0.05490194 0.07638534
0.05833333 0.05833331 0.08115942
0.06176471 0.06176468 0.08593350
0.06519608 0.06519605 0.09070759
0.06862745 0.06862742 0.09548167
0.07205882 0.07205880 0.10025575
0.07549020 0.07549017 0.10502984
0.07892157 0.07892154 0.10980392
0.08235294 0.08235291 0.11457801
0.08578431 0.08578428 0.11935209
0.08921569 0.08921565 0.12412617
0.09264706 0.09264702 0.12890026
0.09607843 0.09607839 0.13367434
0.09950980 0.09950976 0.13844842
0.10294118 0.10294114 0.14322251
0.10637255 0.10637251 0.14799659
0.10980392 0.10980388 0.15277067
0.11323529 0.11323525 0.15754476
0.11666667 0.11666662 0.16231884
0.12009804 0.12009799 0.16709292
0.12352941 0.12352936 0.17186701
0.12696078 0.12696073 0.17664109
0.13039216 0.13039211 0.18141517
0.13382353 0.13382348 0.18618926
0.13725490 0.13725485 0.19096334
0.14068627 0.14068622 0.19573743
0.14411765 0.14411759 0.20051151
0.14754902 0.14754896 0.20528559
0.15098039 0.15098033 0.21005968
0.15441176 0.15441170 0.21483376
0.15784314 0.15784308 0.21960784
0.16127451 0.16127445 0.22438193
0.16470588 0.16470582 0.22915601
0.16813725 0.16813719 0.23393009
0.17156863 0.17156856 0.23870418
0.17500000 0.17499993 0.24347826
0.17843137 0.17843130 0.24825234
0.18186275 0.18186267 0.25302643
0.18529412 0.18529405 0.25780051
0.18872549 0.18872542 0.26257460
0.19215686 0.19215679 0.26734868
0.19558824 0.19558816 0.27212276
0.19901961 0.19901953 0.27689685
0.20245098 0.20245090 0.28167093
0.20588235 0.20588227 0.28644501
0.20931373 0.20931364 0.29121910
0.21274510 0.21274501 0.29599318
0.21617647 0.21617639 0.30076726
0.21960784 0.21960776 0.30554135
0.22303922 0.22303913 0.31031543
0.22647059 0.22647050 0.31508951
0.22990196 0.22990187 0.31986360
0.23333333 0.23333324 0.32463768
0.23676471 0.23676461 0.32941176
0.24019608 0.24019598 0.33418585
0.24362745 0.24362736 0.33895993
0.24705882 0.24705873 0.34373402
0.25049020 0.25049010 0.34850810
0.25392157 0.25392147 0.35328218
0.25735294 0.25735284 0.35805627
0.26078431 0.26078421 0.36283035
0.26421569 0.26421558 0.36760443
0.26764706 0.26764695 0.37237852
0.27107843 0.27107833 0.37715260
0.27450980 0.27450970 0.38192668
0.27794118 0.27794107 0.38670077
0.28137255 0.28137244 0.39147485
0.28480392 0.28480381 0.39624893
0.28823529 0.28823518 0.40102302
0.29166667 0.29166655 0.40579710
0.29509804 0.29509792 0.41057118
0.29852941 0.29852929 0.41534527
0.30196078 0.30196067 0.42011935
0.30539216 0.30539204 0.42489344
0.30882353 0.30882341 0.42966752
0.31225490 0.31225478 0.43444160
0.31568627 0.31568615 0.43921569
0.31911765 0.31911752 0.44398977
0.32254902 0.32371323 0.44754890
0.32598039 0.32843137 0.45098027
0.32941176 0.33314950 0.45441164
0.33284314 0.33786764 0.45784302
0.33627451 0.34258578 0.46127439
0.33970588 0.34730391 0.46470576
0.34313725 0.35202205 0.46813714
0.34656863 0.35674018 0.47156851
0.35000000 0.36145832 0.47499988
0.35343137 0.36617646 0.47843126
0.35686275 0.37089459 0.48186263
0.36029412 0.37561273 0.48529400
0.36372549 0.38033087 0.48872538
0.36715686 0.38504900 0.49215675
0.37058824 0.38976714 0.49558812
0.37401961 0.39448528 0.49901950
0.37745098 0.39920341 0.50245087
0.38088235 0.40392155 0.50588224
0.38431373 0.40863969 0.50931362
0.38774510 0.41335782 0.51274499
0.39117647 0.41807596 0.51617636
0.39460784 0.42279409 0.51960774
0.39803922 0.42751223 0.52303911
0.40147059 0.43223037 0.52647048
0.40490196 0.43694850 0.52990186
0.40833333 0.44166664 0.53333323
0.41176471 0.44638478 0.53676460
0.41519608 0.45110291 0.54019597
0.41862745 0.45582105 0.54362735
0.42205882 0.46053919 0.54705872
0.42549020 0.46525732 0.55049009
0.42892157 0.46997546 0.55392147
0.43235294 0.47469360 0.55735284
0.43578431 0.47941173 0.56078421
0.43921569 0.48412987 0.56421559
0.44264706 0.48884801 0.56764696
0.44607843 0.49356614 0.57107833
0.44950980 0.49828428 0.57450971
0.45294118 0.50300241 0.57794108
0.45637255 0.50772055 0.58137245
0.45980392 0.51243869 0.58480383
0.46323529 0.51715682 0.58823520
0.46666667 0.52187496 0.59166657
0.47009804 0.52659310 0.59509795
0.47352941 0.53131123 0.59852932
0.47696078 0.53602937 0.60196069
0.48039216 0.54074751 0.60539207
0.48382353 0.54546564 0.60882344
0.48725490 0.55018378 0.61225481
0.49068627 0.55490192 0.61568619
0.49411765 0.55962005 0.61911756
0.49754902 0.56433819 0.62254893
0.50098039 0.56905632 0.62598031
0.50441176 0.57377446 0.62941168
0.50784314 0.57849260 0.63284305
0.51127451 0.58321073 0.63627443
0.51470588 0.58792887 0.63970580
0.51813725 0.59264701 0.64313717
0.52156863 0.59736514 0.64656855
0.52500000 0.60208328 0.64999992
0.52843137 0.60680142 0.65343129
0.53186275 0.61151955 0.65686267
0.53529412 0.61623769 0.66029404
0.53872549 0.62095583 0.66372541
0.54215686 0.62567396 0.66715679
0.54558824 0.63039210 0.67058816
0.54901961 0.63511024 0.67401953
0.55245098 0.63982837 0.67745091
0.55588235 0.64454651 0.68088228
0.55931373 0.64926464 0.68431365
0.56274510 0.65398278 0.68774503
0.56617647 0.65870092 0.69117640
0.56960784 0.66341905 0.69460777
0.57303922 0.66813719 0.69803915
0.57647059 0.67285533 0.70147052
0.57990196 0.67757346 0.70490189
0.58333333 0.68229160 0.70833327
0.58676471 0.68700974 0.71176464
0.59019608 0.69172787 0.71519601
0.59362745 0.69644601 0.71862739
0.59705882 0.70116415 0.72205876
0.60049020 0.70588228 0.72549013
0.60392157 0.71060042 0.72892151
0.60735294 0.71531855 0.73235288
0.61078431 0.72003669 0.73578425
0.61421569 0.72475483 0.73921563
0.61764706 0.72947296 0.74264700
0.62107843 0.73419110 0.74607837
0.62450980 0.73890924 0.74950975
0.62794118 0.74362737 0.75294112
0.63137255 0.74834551 0.75637249
0.63480392 0.75306365 0.75980387
0.63823529 0.75778178 0.76323524
0.64166667 0.76249992 0.76666661
0.64509804 0.76721806 0.77009799
0.64852941 0.77193619 0.77352936
0.65196078 0.77665433 0.77696073
0.65686262 0.78039216 0.78039211
0.66222414 0.78382353 0.78382348
0.66758566 0.78725490 0.78725485
0.67294719 0.79068627 0.79068623
0.67830871 0.79411765 0.79411760
0.68367023 0.79754902 0.79754897
0.68903175 0.80098039 0.80098035
0.69439327 0.80441176 0.80441172
0.69975479 0.80784314 0.80784309
0.70511632 0.81127451 0.81127447
0.71047784 0.81470588 0.81470584
0.71583936 0.81813725 0.81813721
0.72120088 0.82156863 0.82156859
0.72656240 0.82500000 0.82499996
0.73192392 0.82843137 0.82843133
0.73728544 0.83186275 0.83186271
0.74264697 0.83529412 0.83529408
0.74800849 0.83872549 0.83872545
0.75337001 0.84215686 0.84215683
0.75873153 0.84558824 0.84558820
0.76409305 0.84901961 0.84901957
0.76945457 0.85245098 0.85245095
0.77481610 0.85588235 0.85588232
0.78017762 0.85931373 0.85931369
0.78553914 0.86274510 0.86274507
0.79090066 0.86617647 0.86617644
0.79626218 0.86960784 0.86960781
0.80162370 0.87303922 0.87303919
0.80698522 0.87647059 0.87647056
0.81234675 0.87990196 0.87990193
0.81770827 0.88333333 0.88333331
0.82306979 0.88676471 0.88676468
0.82843131 0.89019608 0.89019605
0.83379283 0.89362745 0.89362743
0.83915435 0.89705882 0.89705880
0.84451588 0.90049020 0.90049017
0.84987740 0.90392157 0.90392155
0.85523892 0.90735294 0.90735292
0.86060044 0.91078431 0.91078429
0.86596196 0.91421569 0.91421567
0.87132348 0.91764706 0.91764704
0.87668500 0.92107843 0.92107841
0.88204653 0.92450980 0.92450979
0.88740805 0.92794118 0.92794116
0.89276957 0.93137255 0.93137253
0.89813109 0.93480392 0.93480391
0.90349261 0.93823529 0.93823528
0.90885413 0.94166667 0.94166665
0.91421566 0.94509804 0.94509803
0.91957718 0.94852941 0.94852940
0.92493870 0.95196078 0.95196077
0.93030022 0.95539216 0.95539215
0.93566174 0.95882353 0.95882352
0.94102326 0.96225490 0.96225489
0.94638478 0.96568627 0.96568627
0.95174631 0.96911765 0.96911764
0.95710783 0.97254902 0.97254901
0.96246935 0.97598039 0.97598039
0.96783087 0.97941176 0.97941176
0.97319239 0.98284314 0.98284313
0.97855391 0.98627451 0.98627451
0.98391544 0.98970588 0.98970588
0.98927696 0.99313725 0.99313725
0.99463848 0.99656863 0.99656863
1.00000000 1.00000000 1.00000000
