0.32941177 0.18823530 0.01960784
0.33802385 0.19331027 0.02037678
0.34663592 0.19838524 0.02114571
0.35524799 0.20346021 0.02191465
0.36386007 0.20853518 0.02268358
0.37247214 0.21361016 0.02345252
0.38108421 0.21868513 0.02422145
0.38969629 0.22376010 0.02499039
0.39830836 0.22883507 0.02575932
0.40692043 0.23391004 0.02652826
0.41553250 0.23898501 0.02729719
0.42414458 0.24405998 0.02806613
0.43275665 0.24913496 0.02883506
0.44136872 0.25420993 0.02960400
0.44998080 0.25928490 0.03037293
0.45859287 0.26435987 0.03114187
0.46720494 0.26943484 0.03191080
0.47581701 0.27450981 0.03267974
0.48442909 0.27958478 0.03344867
0.49304116 0.28465976 0.03421761
0.50165323 0.28973473 0.03498654
0.51026531 0.29480970 0.03575548
0.51887738 0.29988467 0.03652441
0.52748945 0.30495964 0.03729335
0.53610153 0.31003461 0.03806229
0.54471360 0.31510958 0.03883122
0.55294120 0.32133796 0.04190696
0.56078434 0.32871974 0.04728951
0.56862748 0.33610151 0.05267205
0.57647061 0.34348329 0.05805460
0.58431375 0.35086507 0.06343714
0.59215689 0.35824684 0.06881969
0.60000002 0.36562862 0.07420223
0.60784316 0.37301040 0.07958478
0.61568630 0.38039217 0.08496732
0.62352943 0.38777395 0.09034987
0.63137257 0.39515573 0.09573241
0.63921571 0.40253750 0.10111496
0.64705884 0.40991928 0.10649750
0.65490198 0.41730106 0.11188005
0.66274512 0.42468284 0.11726259
0.67058825 0.43206461 0.12264514
0.67843139 0.43944639 0.12802768
0.68627453 0.44682817 0.13341023
0.69411767 0.45420994 0.13879278
0.70196080 0.46159172 0.14417532
0.70980394 0.46897350 0.14955787
0.71764708 0.47635527 0.15494041
0.72549021 0.48373705 0.16032296
0.73333335 0.49111883 0.16570550
0.74117649 0.49850061 0.17108805
0.74901962 0.50588238 0.17647059
0.75394081 0.51587854 0.18877355
0.75886199 0.52587469 0.20107651
0.76378317 0.53587085 0.21337947
0.76870436 0.54586700 0.22568243
0.77362554 0.55586316 0.23798539
0.77854673 0.56585931 0.25028835
0.78346791 0.57585547 0.26259131
0.78838909 0.58585162 0.27489427
0.79331028 0.59584777 0.28719723
0.79823146 0.60584393 0.29950020
0.80315265 0.61584008 0.31180316
0.80807383 0.62583624 0.32410612
0.81299501 0.63583239 0.33640908
0.81791620 0.64582855 0.34871204
0.82283738 0.65582470 0.36101500
0.82775856 0.66582086 0.37331796
0.83267975 0.67581701 0.38562092
0.83760093 0.68581317 0.39792388
0.84252212 0.69580932 0.41022684
0.84744330 0.70580548 0.42252980
0.85236448 0.71580163 0.43483276
0.85728567 0.72579779 0.44713572
0.86220685 0.73579394 0.45943868
0.86712804 0.74579010 0.47174164
0.87204922 0.75578625 0.48404460
0.87627836 0.76370628 0.49557862
0.87981546 0.76955019 0.50634372
0.88335256 0.77539409 0.51710881
0.88688966 0.78123800 0.52787390
0.89042677 0.78708190 0.53863899
0.89396387 0.79292581 0.54940408
0.89750097 0.79876972 0.56016917
0.90103807 0.80461362 0.57093426
0.90457517 0.81045753 0.58169935
0.90811227 0.81630143 0.59246444
0.91164937 0.82214534 0.60322953
0.91518647 0.82798925 0.61399462
0.91872357 0.83383315 0.62475971
0.92226067 0.83967706 0.63552481
0.92579777 0.84552096 0.64628990
0.92933488 0.85136487 0.65705499
0.93287198 0.85720877 0.66782008
0.93640908 0.86305268 0.67858517
0.93994618 0.86889659 0.68935026
0.94348328 0.87474049 0.70011535
0.94702038 0.88058440 0.71088044
0.95055748 0.88642830 0.72164553
0.95409458 0.89227221 0.73241062
0.95763168 0.89811612 0.74317571
0.96116878 0.90396002 0.75394081
0.96470588 0.90980393 0.76470590
0.96455210 0.91180316 0.77239525
0.96439831 0.91380239 0.78008460
0.96424452 0.91580162 0.78777395
0.96409074 0.91780085 0.79546330
0.96393695 0.91980008 0.80315265
0.96378316 0.92179931 0.81084200
0.96362938 0.92379854 0.81853134
0.96347559 0.92579777 0.82622069
0.96332180 0.92779701 0.83391004
0.96316801 0.92979624 0.84159939
0.96301423 0.93179547 0.84928874
0.96286044 0.93379470 0.85697809
0.96270665 0.93579393 0.86466744
0.96255287 0.93779316 0.87235679
0.96239908 0.93979239 0.88004614
0.96224529 0.94179162 0.88773549
0.96209151 0.94379085 0.89542484
0.96193772 0.94579008 0.90311419
0.96178393 0.94778931 0.91080354
0.96163014 0.94978855 0.91849289
0.96147636 0.95178778 0.92618224
0.96132257 0.95378701 0.93387159
0.96116878 0.95578624 0.94156094
0.96101500 0.95778547 0.94925029
0.96086121 0.95978470 0.95693964
0.95724722 0.95993849 0.95955402
0.95017301 0.95824683 0.95709343
0.94309881 0.95655517 0.95463284
0.93602461 0.95486352 0.95217224
0.92895041 0.95317186 0.94971165
0.92187621 0.95148020 0.94725106
0.91480200 0.94978855 0.94479047
0.90772780 0.94809689 0.94232988
0.90065360 0.94640523 0.93986928
0.89357940 0.94471357 0.93740869
0.88650520 0.94302192 0.93494810
0.87943100 0.94133026 0.93248751
0.87235679 0.93963860 0.93002692
0.86528259 0.93794695 0.92756632
0.85820839 0.93625529 0.92510573
0.85113419 0.93456363 0.92264514
0.84405999 0.93287198 0.92018455
0.83698578 0.93118032 0.91772396
0.82991158 0.92948866 0.91526337
0.82283738 0.92779701 0.91280277
0.81576318 0.92610535 0.91034218
0.80868898 0.92441369 0.90788159
0.80161478 0.92272203 0.90542100
0.79454057 0.92103038 0.90296041
0.78746637 0.91933872 0.90049981
0.78039217 0.91764706 0.89803922
0.76947329 0.91318724 0.89250289
0.75855442 0.90872742 0.88696656
0.74763554 0.90426760 0.88143023
0.73671666 0.89980777 0.87589389
0.72579779 0.89534795 0.87035756
0.71487891 0.89088813 0.86482123
0.70396003 0.88642830 0.85928490
0.69304116 0.88196848 0.85374857
0.68212228 0.87750866 0.84821224
0.67120340 0.87304883 0.84267590
0.66028453 0.86858901 0.83713957
0.64936565 0.86412919 0.83160324
0.63844677 0.85966937 0.82606691
0.62752790 0.85520954 0.82053058
0.61660902 0.85074972 0.81499424
0.60569014 0.84628990 0.80945791
0.59477127 0.84183007 0.80392158
0.58385239 0.83737025 0.79838525
0.57293351 0.83291043 0.79284892
0.56201464 0.82845061 0.78731258
0.55109576 0.82399078 0.78177625
0.54017688 0.81953096 0.77623992
0.52925801 0.81507114 0.77070359
0.51833913 0.81061131 0.76516726
0.50742025 0.80615149 0.75963093
0.49619380 0.79976933 0.75301808
0.48465977 0.79146483 0.74532873
0.47312575 0.78316034 0.73763939
0.46159172 0.77485584 0.72995004
0.45005770 0.76655134 0.72226069
0.43852367 0.75824684 0.71457134
0.42698964 0.74994234 0.70688199
0.41545562 0.74163785 0.69919264
0.40392159 0.73333335 0.69150329
0.39238756 0.72502885 0.68381394
0.38085354 0.71672435 0.67612459
0.36931951 0.70841986 0.66843524
0.35778548 0.70011536 0.66074589
0.34625146 0.69181086 0.65305654
0.33471743 0.68350636 0.64536719
0.32318340 0.67520186 0.63767784
0.31164938 0.66689737 0.62998849
0.30011535 0.65859287 0.62229914
0.28858132 0.65028837 0.61460979
0.27704730 0.64198387 0.60692044
0.26551327 0.63367938 0.59923109
0.25397925 0.62537488 0.59154174
0.24244522 0.61707038 0.58385239
0.23091119 0.60876588 0.57616304
0.21937717 0.60046138 0.56847369
0.20784314 0.59215689 0.56078434
0.19984622 0.58462132 0.55324878
0.19184929 0.57708576 0.54571321
0.18385237 0.56955020 0.53817765
0.17585544 0.56201463 0.53064208
0.16785852 0.55447907 0.52310652
0.15986159 0.54694350 0.51557096
0.15186467 0.53940794 0.50803539
0.14386774 0.53187238 0.50049983
0.13587082 0.52433681 0.49296426
0.12787390 0.51680125 0.48542870
0.11987697 0.50926568 0.47789314
0.11188005 0.50173012 0.47035757
0.10388312 0.49419456 0.46282201
0.09588620 0.48665899 0.45528644
0.08788927 0.47912343 0.44775088
0.07989235 0.47158786 0.44021532
0.07189543 0.46405230 0.43267975
0.06389850 0.45651674 0.42514419
0.05590158 0.44898117 0.41760862
0.04790465 0.44144561 0.41007306
0.03990773 0.43391004 0.40253750
0.03191080 0.42637448 0.39500193
0.02391388 0.41883892 0.38746637
0.01591696 0.41130335 0.37993080
0.00792003 0.40376779 0.37239524
0.00384468 0.39677048 0.36509036
0.00369089 0.39031142 0.35801616
0.00353710 0.38385237 0.35094195
0.00338331 0.37739332 0.34386775
0.00322953 0.37093426 0.33679355
0.00307574 0.36447521 0.32971935
0.00292195 0.35801615 0.32264514
0.00276817 0.35155710 0.31557094
0.00261438 0.34509804 0.30849674
0.00246059 0.33863899 0.30142254
0.00230681 0.33217993 0.29434833
0.00215302 0.32572088 0.28727413
0.00199923 0.31926183 0.28019993
0.00184544 0.31280277 0.27312573
0.00169166 0.30634372 0.26605152
0.00153787 0.29988466 0.25897732
0.00138408 0.29342561 0.25190312
0.00123030 0.28696655 0.24482892
0.00107651 0.28050750 0.23775471
0.00092272 0.27404844 0.23068051
0.00076894 0.26758939 0.22360631
0.00061515 0.26113034 0.21653211
0.00046136 0.25467128 0.20945790
0.00030757 0.24821223 0.20238370
0.00015379 0.24175317 0.19530950
0.00000000 0.23529412 0.18823530
