0.96862745 0.98823529 0.99215686
0.96641292 0.98737409 0.99166474
0.96419839 0.98651288 0.99117263
0.96198385 0.98565167 0.99068051
0.95976932 0.98479047 0.99018839
0.95755479 0.98392926 0.98969627
0.95534026 0.98306805 0.98920415
0.95312572 0.98220684 0.98871203
0.95091119 0.98134564 0.98821992
0.94869666 0.98048443 0.98772780
0.94648213 0.97962322 0.98723568
0.94426759 0.97876202 0.98674356
0.94205306 0.97790081 0.98625144
0.93983853 0.97703960 0.98575932
0.93762399 0.97617839 0.98526721
0.93540946 0.97531719 0.98477509
0.93319493 0.97445598 0.98428297
0.93098040 0.97359477 0.98379085
0.92876586 0.97273357 0.98329873
0.92655133 0.97187236 0.98280661
0.92433680 0.97101115 0.98231450
0.92212227 0.97014994 0.98182238
0.91990773 0.96928874 0.98133026
0.91769320 0.96842753 0.98083814
0.91547867 0.96756632 0.98034602
0.91326413 0.96670512 0.97985390
0.91104960 0.96584391 0.97936179
0.90883507 0.96498270 0.97886967
0.90662054 0.96412149 0.97837755
0.90440600 0.96326029 0.97788543
0.90219147 0.96239908 0.97739331
0.89997694 0.96153787 0.97690119
0.89765475 0.96064591 0.97617839
0.89457901 0.95953864 0.97384083
0.89150327 0.95843138 0.97150327
0.88842753 0.95732411 0.96916571
0.88535179 0.95621684 0.96682814
0.88227605 0.95510958 0.96449058
0.87920031 0.95400231 0.96215302
0.87612457 0.95289504 0.95981546
0.87304883 0.95178778 0.95747790
0.86997310 0.95068051 0.95514033
0.86689736 0.94957324 0.95280277
0.86382162 0.94846598 0.95046521
0.86074588 0.94735871 0.94812765
0.85767014 0.94625144 0.94579008
0.85459440 0.94514418 0.94345252
0.85151866 0.94403691 0.94111496
0.84844292 0.94292965 0.93877740
0.84536718 0.94182238 0.93643983
0.84229144 0.94071511 0.93410227
0.83921570 0.93960785 0.93176471
0.83613996 0.93850058 0.92942715
0.83306422 0.93739331 0.92708959
0.82998848 0.93628605 0.92475202
0.82691274 0.93517878 0.92241446
0.82383700 0.93407151 0.92007690
0.82076126 0.93296425 0.91773934
0.81768552 0.93185698 0.91540177
0.81460978 0.93074972 0.91306421
0.81153404 0.92964245 0.91072665
0.80845830 0.92853518 0.90838909
0.80538256 0.92742792 0.90605152
0.80230682 0.92632065 0.90371396
0.79843138 0.92487505 0.90106883
0.79215688 0.92241446 0.89750097
0.78588237 0.91995387 0.89393311
0.77960786 0.91749328 0.89036525
0.77333335 0.91503268 0.88679739
0.76705884 0.91257209 0.88322953
0.76078433 0.91011150 0.87966168
0.75450982 0.90765091 0.87609382
0.74823531 0.90519032 0.87252596
0.74196080 0.90272973 0.86895810
0.73568629 0.90026913 0.86539024
0.72941178 0.89780854 0.86182238
0.72313727 0.89534795 0.85825453
0.71686276 0.89288736 0.85468667
0.71058825 0.89042677 0.85111881
0.70431374 0.88796617 0.84755095
0.69803923 0.88550558 0.84398309
0.69176472 0.88304499 0.84041523
0.68549021 0.88058440 0.83684738
0.67921571 0.87812381 0.83327952
0.67294120 0.87566321 0.82971166
0.66666669 0.87320262 0.82614380
0.66039218 0.87074203 0.82257594
0.65411767 0.86828144 0.81900808
0.64784316 0.86582085 0.81544023
0.64156865 0.86336025 0.81187237
0.63529414 0.86089966 0.80830451
0.62901963 0.85843907 0.80473665
0.62274512 0.85597848 0.80116879
0.61647061 0.85351789 0.79760093
0.61019610 0.85105729 0.79403308
0.60392159 0.84859670 0.79046522
0.59764708 0.84604384 0.78652827
0.59137257 0.84333719 0.78197618
0.58509806 0.84063054 0.77742408
0.57882355 0.83792389 0.77287199
0.57254904 0.83521723 0.76831989
0.56627453 0.83251058 0.76376780
0.56000002 0.82980393 0.75921570
0.55372551 0.82709728 0.75466361
0.54745100 0.82439063 0.75011151
0.54117649 0.82168398 0.74555942
0.53490198 0.81897733 0.74100732
0.52862747 0.81627068 0.73645523
0.52235296 0.81356402 0.73190313
0.51607845 0.81085737 0.72735104
0.50980394 0.80815072 0.72279894
0.50352943 0.80544407 0.71824684
0.49725492 0.80273742 0.71369475
0.49098041 0.80003077 0.70914265
0.48470590 0.79732412 0.70459056
0.47843139 0.79461747 0.70003846
0.47215688 0.79191082 0.69548637
0.46588236 0.78920416 0.69093427
0.45960785 0.78649751 0.68638218
0.45333334 0.78379086 0.68183008
0.44705883 0.78108421 0.67727799
0.44078432 0.77837756 0.67272589
0.43450981 0.77567091 0.66817380
0.42823530 0.77296426 0.66362170
0.42196079 0.77025761 0.65906961
0.41568628 0.76755096 0.65451751
0.40941177 0.76484430 0.64996542
0.40313726 0.76213765 0.64541332
0.39772396 0.75955403 0.64030759
0.39317186 0.75709344 0.63464823
0.38861977 0.75463285 0.62898887
0.38406767 0.75217226 0.62332951
0.37951558 0.74971166 0.61767015
0.37496348 0.74725107 0.61201078
0.37041139 0.74479048 0.60635142
0.36585929 0.74232989 0.60069206
0.36130720 0.73986930 0.59503270
0.35675510 0.73740870 0.58937333
0.35220301 0.73494811 0.58371397
0.34765091 0.73248752 0.57805461
0.34309882 0.73002693 0.57239525
0.33854672 0.72756634 0.56673588
0.33399463 0.72510574 0.56107652
0.32944253 0.72264515 0.55541716
0.32489044 0.72018456 0.54975780
0.32033834 0.71772397 0.54409843
0.31578625 0.71526338 0.53843907
0.31123415 0.71280279 0.53277971
0.30668206 0.71034219 0.52712035
0.30212996 0.70788160 0.52146098
0.29757787 0.70542101 0.51580162
0.29302577 0.70296042 0.51014226
0.28847368 0.70049983 0.50448290
0.28392158 0.69803923 0.49882354
0.27936949 0.69557864 0.49316417
0.27481739 0.69311805 0.48750481
0.27026530 0.69065746 0.48184545
0.26571320 0.68819687 0.47618609
0.26116111 0.68573627 0.47052672
0.25660901 0.68327568 0.46486736
0.25259517 0.67966169 0.45897732
0.24890428 0.67535565 0.45294887
0.24521339 0.67104962 0.44692042
0.24152251 0.66674358 0.44089197
0.23783162 0.66243754 0.43486352
0.23414073 0.65813151 0.42883507
0.23044984 0.65382547 0.42280662
0.22675895 0.64951944 0.41677817
0.22306806 0.64521340 0.41074972
0.21937717 0.64090736 0.40472127
0.21568629 0.63660133 0.39869282
0.21199540 0.63229529 0.39266437
0.20830451 0.62798926 0.38663592
0.20461362 0.62368322 0.38060747
0.20092273 0.61937719 0.37457902
0.19723184 0.61507115 0.36855057
0.19354096 0.61076511 0.36252212
0.18985007 0.60645908 0.35649366
0.18615918 0.60215304 0.35046521
0.18246829 0.59784701 0.34443676
0.17877740 0.59354097 0.33840831
0.17508651 0.58923493 0.33237986
0.17139563 0.58492890 0.32635141
0.16770474 0.58062286 0.32032296
0.16401385 0.57631683 0.31429451
0.16032296 0.57201079 0.30826606
0.15663207 0.56770475 0.30223761
0.15294118 0.56339872 0.29620916
0.14925030 0.55909268 0.29018071
0.14555941 0.55478665 0.28415226
0.14186852 0.55048061 0.27812381
0.13817763 0.54617458 0.27209536
0.13402538 0.54232990 0.26828144
0.12971935 0.53863901 0.26520570
0.12541331 0.53494812 0.26212996
0.12110727 0.53125723 0.25905422
0.11680124 0.52756634 0.25597848
0.11249520 0.52387546 0.25290274
0.10818916 0.52018457 0.24982700
0.10388313 0.51649368 0.24675126
0.09957709 0.51280279 0.24367552
0.09527105 0.50911190 0.24059978
0.09096502 0.50542101 0.23752404
0.08665898 0.50173012 0.23444830
0.08235295 0.49803923 0.23137256
0.07804691 0.49434834 0.22829682
0.07374087 0.49065746 0.22522108
0.06943484 0.48696657 0.22214534
0.06512880 0.48327568 0.21906960
0.06082276 0.47958479 0.21599386
0.05651673 0.47589390 0.21291812
0.05221069 0.47220301 0.20984238
0.04790465 0.46851212 0.20676664
0.04359862 0.46482123 0.20369090
0.03929258 0.46113035 0.20061516
0.03498655 0.45743946 0.19753941
0.03068051 0.45374857 0.19446367
0.02637447 0.45005768 0.19138793
0.02206844 0.44636679 0.18831219
0.01776240 0.44267590 0.18523645
0.01345636 0.43898501 0.18216071
0.00915033 0.43529412 0.17908497
0.00484429 0.43160323 0.17600923
0.00053825 0.42791235 0.17293349
0.00000000 0.42303730 0.17071896
0.00000000 0.41799308 0.16862746
0.00000000 0.41294887 0.16653595
0.00000000 0.40790466 0.16444445
0.00000000 0.40286044 0.16235295
0.00000000 0.39781623 0.16026144
0.00000000 0.39277202 0.15816994
0.00000000 0.38772780 0.15607844
0.00000000 0.38268359 0.15398693
0.00000000 0.37763938 0.15189543
0.00000000 0.37259516 0.14980392
0.00000000 0.36755095 0.14771242
0.00000000 0.36250674 0.14562092
0.00000000 0.35746252 0.14352941
0.00000000 0.35241831 0.14143791
0.00000000 0.34737410 0.13934641
0.00000000 0.34232988 0.13725490
0.00000000 0.33728567 0.13516340
0.00000000 0.33224146 0.13307190
0.00000000 0.32719724 0.13098039
0.00000000 0.32215303 0.12888889
0.00000000 0.31710882 0.12679739
0.00000000 0.31206460 0.12470588
0.00000000 0.30702039 0.12261438
0.00000000 0.30197617 0.12052288
0.00000000 0.29693196 0.11843137
0.00000000 0.29188775 0.11633987
0.00000000 0.28684353 0.11424837
0.00000000 0.28179932 0.11215686
0.00000000 0.27675511 0.11006536
0.00000000 0.27171089 0.10797386
0.00000000 0.26666668 0.10588235
