1.00000000 0.00000000 0.00000000
1.00000000 0.24705907 0.24705907
1.00000000 0.49411814 0.49411814
1.00000000 0.74117721 0.74117721
1.00000000 0.98823628 0.98823628
0.76470465 0.76470465 1.00000000
0.51764558 0.51764558 1.00000000
0.27058651 0.27058651 1.00000000
0.02352744 0.02352744 1.00000000
0.00000000 0.00000000 0.77646836
0.00000000 0.00000000 0.52940929
0.00000000 0.00000000 0.28235022
0.00000000 0.00000000 0.03529115
0.21176792 0.00000000 0.00000000
0.45882699 0.00000000 0.00000000
0.70588606 0.00000000 0.00000000
0.95294513 0.00000000 0.00000000
1.00000000 0.20000420 0.20000420
1.00000000 0.44706327 0.44706327
1.00000000 0.69412234 0.69412234
1.00000000 0.94118141 0.94118141
0.81175952 0.81175952 1.00000000
0.56470045 0.56470045 1.00000000
0.31764138 0.31764138 1.00000000
0.07058231 0.07058231 1.00000000
0.00000000 0.00000000 0.82352324
0.00000000 0.00000000 0.57646416
0.00000000 0.00000000 0.32940509
0.00000000 0.00000000 0.08234602
0.16471305 0.00000000 0.00000000
0.41177212 0.00000000 0.00000000
0.65883119 0.00000000 0.00000000
0.90589026 0.00000000 0.00000000
1.00000000 0.15294933 0.15294933
1.00000000 0.40000840 0.40000840
1.00000000 0.64706747 0.64706747
1.00000000 0.89412654 0.89412654
0.85881439 0.85881439 1.00000000
0.61175532 0.61175532 1.00000000
0.36469625 0.36469625 1.00000000
0.11763718 0.11763718 1.00000000
0.00000000 0.00000000 0.87057811
0.00000000 0.00000000 0.62351904
0.00000000 0.00000000 0.37645996
0.00000000 0.00000000 0.12940089
0.11765818 0.00000000 0.00000000
0.36471725 0.00000000 0.00000000
0.61177632 0.00000000 0.00000000
0.85883539 0.00000000 0.00000000
1.00000000 0.10589446 0.10589446
1.00000000 0.35295353 0.35295353
1.00000000 0.60001260 0.60001260
1.00000000 0.84707167 0.84707167
0.90586926 0.90586926 1.00000000
0.65881019 0.65881019 1.00000000
0.41175112 0.41175112 1.00000000
0.16469205 0.16469205 1.00000000
0.00000000 0.00000000 0.91763298
0.00000000 0.00000000 0.67057391
0.00000000 0.00000000 0.42351484
0.00000000 0.00000000 0.17645576
0.07060331 0.00000000 0.00000000
0.31766238 0.00000000 0.00000000
0.56472145 0.00000000 0.00000000
0.81178052 0.00000000 0.00000000
1.00000000 0.05883959 0.05883959
1.00000000 0.30589866 0.30589866
1.00000000 0.55295773 0.55295773
1.00000000 0.80001680 0.80001680
0.95292413 0.95292413 1.00000000
0.70586506 0.70586506 1.00000000
0.45880599 0.45880599 1.00000000
0.21174692 0.21174692 1.00000000
0.00000000 0.00000000 0.96468785
0.00000000 0.00000000 0.71762878
0.00000000 0.00000000 0.47056971
0.00000000 0.00000000 0.22351064
0.02354844 0.00000000 0.00000000
0.27060751 0.00000000 0.00000000
0.51766658 0.00000000 0.00000000
0.76472565 0.00000000 0.00000000
1.00000000 0.01178472 0.01178472
1.00000000 0.25884379 0.25884379
1.00000000 0.50590286 0.50590286
1.00000000 0.75296193 0.75296193
0.99997900 0.99997900 1.00000000
0.75291993 0.75291993 1.00000000
0.50586086 0.50586086 1.00000000
0.25880179 0.25880179 1.00000000
0.01174272 0.01174272 1.00000000
0.00000000 0.00000000 0.76468365
0.00000000 0.00000000 0.51762458
0.00000000 0.00000000 0.27056551
0.00000000 0.00000000 0.02350644
0.22355264 0.00000000 0.00000000
0.47061171 0.00000000 0.00000000
0.71767078 0.00000000 0.00000000
0.96472985 0.00000000 0.00000000
1.00000000 0.21178892 0.21178892
1.00000000 0.45884799 0.45884799
1.00000000 0.70590706 0.70590706
1.00000000 0.95296613 0.95296613
0.79997480 0.79997480 1.00000000
0.55291573 0.55291573 1.00000000
0.30585666 0.30585666 1.00000000
0.05879759 0.05879759 1.00000000
0.00000000 0.00000000 0.81173852
0.00000000 0.00000000 0.56467945
0.00000000 0.00000000 0.31762038
0.00000000 0.00000000 0.07056131
0.17649776 0.00000000 0.00000000
0.42355684 0.00000000 0.00000000
0.67061591 0.00000000 0.00000000
0.91767498 0.00000000 0.00000000
1.00000000 0.16473405 0.16473405
1.00000000 0.41179312 0.41179312
1.00000000 0.65885219 0.65885219
1.00000000 0.90591126 0.90591126
0.84702967 0.84702967 1.00000000
0.59997060 0.59997060 1.00000000
0.35291153 0.35291153 1.00000000
0.10585246 0.10585246 1.00000000
0.00000000 0.00000000 0.85879339
0.00000000 0.00000000 0.61173432
0.00000000 0.00000000 0.36467525
0.00000000 0.00000000 0.11761618
0.12943474 0.00000000 0.00000000
0.37647825 0.00000000 0.00000000
0.62352175 0.00000000 0.00000000
0.87056526 0.00000000 0.00000000
1.00000000 0.11761618 0.11761618
1.00000000 0.36467525 0.36467525
1.00000000 0.61173432 0.61173432
1.00000000 0.85879339 0.85879339
0.89414754 0.89414754 1.00000000
0.64708847 0.64708847 1.00000000
0.40002940 0.40002940 1.00000000
0.15297033 0.15297033 1.00000000
0.00000000 0.00000000 0.90591126
0.00000000 0.00000000 0.65885219
0.00000000 0.00000000 0.41179312
0.00000000 0.00000000 0.16473405
0.08232502 0.00000000 0.00000000
0.32938409 0.00000000 0.00000000
0.57644316 0.00000000 0.00000000
0.82350224 0.00000000 0.00000000
1.00000000 0.07056131 0.07056131
1.00000000 0.31762038 0.31762038
1.00000000 0.56467945 0.56467945
1.00000000 0.81173852 0.81173852
0.94120241 0.94120241 1.00000000
0.69414334 0.69414334 1.00000000
0.44708427 0.44708427 1.00000000
0.20002520 0.20002520 1.00000000
0.00000000 0.00000000 0.95296613
0.00000000 0.00000000 0.70590706
0.00000000 0.00000000 0.45884799
0.00000000 0.00000000 0.21178892
0.03527015 0.00000000 0.00000000
0.28232922 0.00000000 0.00000000
0.52938829 0.00000000 0.00000000
0.77644736 0.00000000 0.00000000
1.00000000 0.02350644 0.02350644
1.00000000 0.27056551 0.27056551
1.00000000 0.51762458 0.51762458
1.00000000 0.76468365 0.76468365
0.98825728 0.98825728 1.00000000
0.74119821 0.74119821 1.00000000
0.49413914 0.49413914 1.00000000
0.24708007 0.24708007 1.00000000
0.00002100 0.00002100 1.00000000
0.00000000 0.00000000 0.75296193
0.00000000 0.00000000 0.50590286
0.00000000 0.00000000 0.25884379
0.00000000 0.00000000 0.01178472
0.23527435 0.00000000 0.00000000
0.48233342 0.00000000 0.00000000
0.72939249 0.00000000 0.00000000
0.97645156 0.00000000 0.00000000
1.00000000 0.22351064 0.22351064
1.00000000 0.47056971 0.47056971
1.00000000 0.71762878 0.71762878
1.00000000 0.96468785 0.96468785
0.78825308 0.78825308 1.00000000
0.54119401 0.54119401 1.00000000
0.29413494 0.29413494 1.00000000
0.04707587 0.04707587 1.00000000
0.00000000 0.00000000 0.80001680
0.00000000 0.00000000 0.55295773
0.00000000 0.00000000 0.30589866
0.00000000 0.00000000 0.05883959
0.18821948 0.00000000 0.00000000
0.43527855 0.00000000 0.00000000
0.68233762 0.00000000 0.00000000
0.92939669 0.00000000 0.00000000
1.00000000 0.17645576 0.17645576
1.00000000 0.42351484 0.42351484
1.00000000 0.67057391 0.67057391
1.00000000 0.91763298 0.91763298
0.83530795 0.83530795 1.00000000
0.58824888 0.58824888 1.00000000
0.34118981 0.34118981 1.00000000
0.09413074 0.09413074 1.00000000
0.00000000 0.00000000 0.84707167
0.00000000 0.00000000 0.60001260
0.00000000 0.00000000 0.35295353
0.00000000 0.00000000 0.10589446
0.14116461 0.00000000 0.00000000
0.38822368 0.00000000 0.00000000
0.63528275 0.00000000 0.00000000
0.88234182 0.00000000 0.00000000
1.00000000 0.12940089 0.12940089
1.00000000 0.37645996 0.37645996
1.00000000 0.62351904 0.62351904
1.00000000 0.87057811 0.87057811
0.88236282 0.88236282 1.00000000
0.63530375 0.63530375 1.00000000
0.38824468 0.38824468 1.00000000
0.14118561 0.14118561 1.00000000
0.00000000 0.00000000 0.89412654
0.00000000 0.00000000 0.64706747
0.00000000 0.00000000 0.40000840
0.00000000 0.00000000 0.15294933
0.09410974 0.00000000 0.00000000
0.34116881 0.00000000 0.00000000
0.58822788 0.00000000 0.00000000
0.83528695 0.00000000 0.00000000
1.00000000 0.08234602 0.08234602
1.00000000 0.32940509 0.32940509
1.00000000 0.57646416 0.57646416
1.00000000 0.82352324 0.82352324
0.92941769 0.92941769 1.00000000
0.68235862 0.68235862 1.00000000
0.43529955 0.43529955 1.00000000
0.18824048 0.18824048 1.00000000
0.00000000 0.00000000 0.94118141
0.00000000 0.00000000 0.69412234
0.00000000 0.00000000 0.44706327
0.00000000 0.00000000 0.20000420
0.04705487 0.00000000 0.00000000
0.29411394 0.00000000 0.00000000
0.54117301 0.00000000 0.00000000
0.78823208 0.00000000 0.00000000
1.00000000 0.03529115 0.03529115
1.00000000 0.28235022 0.28235022
1.00000000 0.52940929 0.52940929
1.00000000 0.77646836 0.77646836
0.97647256 0.97647256 1.00000000
0.72941349 0.72941349 1.00000000
0.48235442 0.48235442 1.00000000
0.23529535 0.23529535 1.00000000
0.00000000 0.00000000 0.98823628
0.00000000 0.00000000 0.74117721
0.00000000 0.00000000 0.49411814
0.00000000 0.00000000 0.24705907
0.00000000 0.00000000 0.00000000
