1.00000000 0.00000000 0.16470589
1.00000000 0.00000000 0.14274511
1.00000000 0.00000000 0.12418301
1.00000000 0.00000000 0.10588236
1.00000000 0.00000000 0.08470589
1.00000000 0.00000000 0.06535948
1.00000000 0.00000000 0.04705883
1.00000000 0.00000000 0.02666667
1.00000000 0.00915032 0.00836602
1.00000000 0.02901960 0.00000000
1.00000000 0.04967320 0.00000000
1.00000000 0.06901960 0.00000000
1.00000000 0.09019608 0.00000000
1.00000000 0.10849673 0.00000000
1.00000000 0.12705883 0.00000000
1.00000000 0.14901961 0.00000000
1.00000000 0.16732025 0.00000000
1.00000000 0.18562090 0.00000000
1.00000000 0.20705881 0.00000000
1.00000000 0.22614378 0.00000000
1.00000000 0.24705882 0.00000000
1.00000000 0.26666667 0.00000000
1.00000000 0.28496732 0.00000000
1.00000000 0.30509804 0.00000000
1.00000000 0.33333333 0.00000000
1.00000000 0.36470588 0.00000000
1.00000000 0.38562092 0.00000000
1.00000000 0.40470588 0.00000000
1.00000000 0.42614379 0.00000000
1.00000000 0.44444444 0.00000000
1.00000000 0.46274510 0.00000000
1.00000000 0.48470588 0.00000000
1.00000000 0.50326797 0.00000000
1.00000000 0.52470587 0.00000000
1.00000000 0.54379084 0.00000000
1.00000000 0.56209150 0.00000000
1.00000000 0.58274509 0.00000000
1.00000000 0.60261437 0.00000000
1.00000000 0.62091503 0.00000000
1.00000000 0.64078430 0.00000000
1.00000000 0.66928101 0.00000000
1.00000000 0.70326797 0.00000000
1.00000000 0.72156862 0.00000000
1.00000000 0.74039215 0.00000000
1.00000000 0.76209150 0.00000000
1.00000000 0.78039215 0.00000000
1.00000000 0.79869280 0.00000000
1.00000000 0.82039215 0.00000000
1.00000000 0.83921568 0.00000000
1.00000000 0.86039215 0.00000000
1.00000000 0.87973855 0.00000000
1.00000000 0.89803921 0.00000000
1.00000000 0.91843136 0.00000000
1.00000000 0.93856208 0.00000000
1.00000000 0.95686274 0.00000000
1.00000000 0.97647058 0.00000000
0.98954250 0.99424836 0.00000000
0.95686276 1.00000000 0.00000000
0.93856210 1.00000000 0.00000000
0.92000001 1.00000000 0.00000000
0.89803923 1.00000000 0.00000000
0.87973857 1.00000000 0.00000000
0.86143792 1.00000000 0.00000000
0.84000001 1.00000000 0.00000000
0.82091509 1.00000000 0.00000000
0.80000009 1.00000000 0.00000000
0.78039224 1.00000000 0.00000000
0.76209158 1.00000000 0.00000000
0.74196088 1.00000000 0.00000000
0.72156871 1.00000000 0.00000000
0.70196088 1.00000000 0.00000000
0.68104583 1.00000000 0.00000000
0.65803937 1.00000000 0.00000000
0.62091511 1.00000000 0.00000000
0.60261446 1.00000000 0.00000000
0.58431381 1.00000000 0.00000000
0.56235303 1.00000000 0.00000000
0.54379093 1.00000000 0.00000000
0.52235303 1.00000000 0.00000000
0.50326803 1.00000000 0.00000000
0.48496737 1.00000000 0.00000000
0.46431379 1.00000000 0.00000000
0.44444450 1.00000000 0.00000000
0.42614384 1.00000000 0.00000000
0.40627457 1.00000000 0.00000000
0.38562097 1.00000000 0.00000000
0.36627457 1.00000000 0.00000000
0.34509809 1.00000000 0.00000000
0.32366024 1.00000000 0.00000000
0.28496738 1.00000000 0.00000000
0.26666672 1.00000000 0.00000000
0.24836605 1.00000000 0.00000000
0.22666671 1.00000000 0.00000000
0.20784318 1.00000000 0.00000000
0.18666671 1.00000000 0.00000000
0.16732030 1.00000000 0.00000000
0.14901965 1.00000000 0.00000000
0.12862749 1.00000000 0.00000000
0.10849677 1.00000000 0.00000000
0.08862749 1.00000000 0.00000000
0.06797389 1.00000000 0.00000000
0.04967323 1.00000000 0.00000000
0.03058827 1.00000000 0.00000000
0.01019609 1.00000000 0.00052287
0.00000000 1.00000000 0.00679733
0.00000000 1.00000000 0.04705877
0.00000000 1.00000000 0.06535946
0.00000000 1.00000000 0.08705880
0.00000000 1.00000000 0.10588233
0.00000000 1.00000000 0.12418299
0.00000000 1.00000000 0.14509802
0.00000000 1.00000000 0.16470587
0.00000000 1.00000000 0.18300652
0.00000000 1.00000000 0.20313724
0.00000000 1.00000000 0.22352940
0.00000000 1.00000000 0.24313724
0.00000000 1.00000000 0.26405229
0.00000000 1.00000000 0.28235294
0.00000000 1.00000000 0.30117647
0.00000000 1.00000000 0.32287582
0.00000000 1.00000000 0.34117647
0.00000000 1.00000000 0.38143790
0.00000000 1.00000000 0.40130719
0.00000000 1.00000000 0.42274510
0.00000000 1.00000000 0.44183007
0.00000000 1.00000000 0.46013072
0.00000000 1.00000000 0.48078431
0.00000000 1.00000000 0.50065361
0.00000000 1.00000000 0.51895421
0.00000000 1.00000000 0.53882346
0.00000000 1.00000000 0.55947711
0.00000000 1.00000000 0.57882344
0.00000000 1.00000000 0.60000000
0.00000000 1.00000000 0.61830056
0.00000000 1.00000000 0.63686276
0.00000000 1.00000000 0.65882339
0.00000000 1.00000000 0.67712420
0.00000000 1.00000000 0.71581677
0.00000000 1.00000000 0.73725490
0.00000000 1.00000000 0.75843128
0.00000000 1.00000000 0.77777776
0.00000000 1.00000000 0.79607837
0.00000000 1.00000000 0.81647054
0.00000000 1.00000000 0.83660127
0.00000000 1.00000000 0.85647052
0.00000000 1.00000000 0.87712416
0.00000000 1.00000000 0.89542476
0.00000000 1.00000000 0.91450980
0.00000000 1.00000000 0.93594762
0.00000000 1.00000000 0.95424838
0.00000000 1.00000000 0.97254891
0.00000000 1.00000000 0.99450982
0.00000000 0.98300663 0.99947711
0.00000000 0.94588236 1.00000000
0.00000000 0.92287589 1.00000000
0.00000000 0.90196081 1.00000000
0.00000000 0.88235300 1.00000000
0.00000000 0.86405233 1.00000000
0.00000000 0.84392162 1.00000000
0.00000000 0.82352947 1.00000000
0.00000000 0.80392159 1.00000000
0.00000000 0.78300661 1.00000000
0.00000000 0.76470589 1.00000000
0.00000000 0.74588247 1.00000000
0.00000000 0.72418299 1.00000000
0.00000000 0.70588247 1.00000000
0.00000000 0.68392155 1.00000000
0.00000000 0.66535957 1.00000000
0.00000000 0.64705883 1.00000000
0.00000000 0.61150342 1.00000000
0.00000000 0.58692813 1.00000000
0.00000000 0.56627458 1.00000000
0.00000000 0.54640527 1.00000000
0.00000000 0.52627456 1.00000000
0.00000000 0.50588240 1.00000000
0.00000000 0.48758169 1.00000000
0.00000000 0.46823535 1.00000000
0.00000000 0.44705880 1.00000000
0.00000000 0.42875824 1.00000000
0.00000000 0.41019603 1.00000000
0.00000000 0.38823540 1.00000000
0.00000000 0.36993460 1.00000000
0.00000000 0.34823538 1.00000000
0.00000000 0.32941174 1.00000000
0.00000000 0.31111116 1.00000000
0.00000000 0.27712416 1.00000000
0.00000000 0.25098042 1.00000000
0.00000000 0.23058824 1.00000000
0.00000000 0.21045752 1.00000000
0.00000000 0.19058826 1.00000000
0.00000000 0.16993462 1.00000000
0.00000000 0.15163403 1.00000000
0.00000000 0.13254897 1.00000000
0.00000000 0.11111116 1.00000000
0.00000000 0.09254895 1.00000000
0.00000000 0.07058832 1.00000000
0.00000000 0.05228752 1.00000000
0.00000000 0.03398697 1.00000000
0.00000000 0.01254896 1.00000000
0.00575162 0.00209151 1.00000000
0.02091507 0.00000000 1.00000000
0.05333333 0.00000000 1.00000000
0.08313728 0.00000000 1.00000000
0.10326799 0.00000000 1.00000000
0.12156863 0.00000000 1.00000000
0.14117652 0.00000000 1.00000000
0.16209149 0.00000000 1.00000000
0.18039222 0.00000000 1.00000000
0.19921565 0.00000000 1.00000000
0.22091511 0.00000000 1.00000000
0.23921564 0.00000000 1.00000000
0.26117658 0.00000000 1.00000000
0.27973855 0.00000000 1.00000000
0.29803929 0.00000000 1.00000000
0.31921569 0.00000000 1.00000000
0.33856215 0.00000000 1.00000000
0.35686277 0.00000000 1.00000000
0.38771250 0.00000000 1.00000000
0.41882357 0.00000000 1.00000000
0.43921571 0.00000000 1.00000000
0.45751640 0.00000000 1.00000000
0.47686275 0.00000000 1.00000000
0.49803930 0.00000000 1.00000000
0.51633988 0.00000000 1.00000000
0.53490210 0.00000000 1.00000000
0.55686273 0.00000000 1.00000000
0.57516352 0.00000000 1.00000000
0.59686275 0.00000000 1.00000000
0.61568638 0.00000000 1.00000000
0.63398696 0.00000000 1.00000000
0.65490206 0.00000000 1.00000000
0.67450985 0.00000000 1.00000000
0.69490204 0.00000000 1.00000000
0.72418312 0.00000000 1.00000000
0.75450986 0.00000000 1.00000000
0.77516348 0.00000000 1.00000000
0.79346408 0.00000000 1.00000000
0.81254914 0.00000000 1.00000000
0.83398694 0.00000000 1.00000000
0.85254916 0.00000000 1.00000000
0.87450979 0.00000000 1.00000000
0.89281058 0.00000000 1.00000000
0.91111112 0.00000000 1.00000000
0.93254914 0.00000000 1.00000000
0.95163401 0.00000000 1.00000000
0.96993472 0.00000000 1.00000000
0.99058829 0.00000000 0.99764705
1.00000000 0.00000000 0.98562085
1.00000000 0.00000000 0.96549012
1.00000000 0.00000000 0.93725481
1.00000000 0.00000000 0.90588225
1.00000000 0.00000000 0.88496729
1.00000000 0.00000000 0.86666657
1.00000000 0.00000000 0.84784313
1.00000000 0.00000000 0.82614367
1.00000000 0.00000000 0.80784315
