0.00000000 0.00000000 0.50196081
0.00000000 0.02740485 0.46237602
0.00000000 0.05697809 0.42495964
0.00000000 0.08613610 0.38841985
0.00000000 0.11395617 0.35188006
0.00000000 0.14440600 0.31534027
0.00000000 0.17227221 0.27621685
0.00000000 0.20138409 0.23833911
0.00000000 0.23100346 0.20179931
0.00000000 0.25840833 0.16525951
0.00000000 0.28881201 0.12871972
0.00000000 0.31713957 0.09217994
0.00000000 0.34579009 0.05439447
0.00000000 0.37217994 0.02219147
0.00000000 0.36913496 0.04350634
0.00000000 0.34579010 0.11049594
0.00000000 0.31672435 0.18495962
0.00000000 0.28705883 0.25803924
0.00000000 0.25965397 0.33111886
0.00000000 0.22929644 0.40715108
0.00000000 0.20092273 0.48119954
0.00000000 0.17231834 0.55427916
0.00000000 0.14219146 0.62768172
0.00000000 0.11478664 0.70380621
0.00000000 0.08489044 0.77743944
0.00000000 0.05605536 0.85051905
0.00000000 0.02865051 0.92359864
0.00000000 0.00124570 0.99667815
0.00000000 0.05522489 1.00000000
0.00000000 0.11104961 1.00000000
0.00000000 0.16585929 1.00000000
0.00000000 0.22066894 1.00000000
0.00000000 0.27547874 1.00000000
0.00000000 0.33273362 1.00000000
0.00000000 0.38901960 1.00000000
0.00000000 0.44382927 1.00000000
0.00000000 0.49863909 1.00000000
0.00000000 0.55344873 1.00000000
0.00000000 0.61024221 1.00000000
0.00000000 0.66698961 1.00000000
0.00000000 0.72018460 1.00000000
0.00000000 0.75367938 1.00000000
0.00000000 0.77517878 1.00000000
0.00000000 0.79344868 1.00000000
0.00000000 0.81171860 1.00000000
0.00000000 0.82998848 1.00000000
0.00000000 0.84825835 1.00000000
0.00000000 0.86846598 1.00000000
0.00000000 0.88871974 1.00000000
0.00000000 0.90698962 1.00000000
0.00000000 0.92525950 1.00000000
0.00000000 0.94352942 1.00000000
0.00000000 0.96179932 1.00000000
0.00000000 0.97946943 0.99880046
0.00000000 0.99469433 0.99271051
0.00000000 0.99607843 0.96724337
0.00000000 0.99418685 0.93794694
0.00000000 0.99215686 0.90851214
0.00000000 0.99215686 0.88096892
0.00000000 0.99215686 0.85051903
0.00000000 0.98985006 0.82006921
0.00000000 0.98823529 0.79104964
0.00000000 0.98768167 0.76309118
0.00000000 0.98463668 0.73264129
0.00000000 0.98431373 0.70219141
0.00000000 0.98246827 0.67358703
0.00000000 0.98039216 0.64521335
0.00000000 0.98039216 0.61448674
0.00000000 0.98039216 0.57490201
0.00000000 0.98039216 0.53305661
0.00000000 0.98177623 0.48904281
0.00000000 0.98431373 0.44336806
0.00000000 0.98431373 0.39769309
0.00000000 0.98698963 0.35201837
0.00000000 0.98823529 0.30814299
0.00000000 0.98915802 0.26459055
0.00000000 0.99215686 0.21891585
0.00000000 0.99215686 0.17324116
0.00000000 0.99437139 0.12978099
0.00000000 0.99607843 0.08581322
0.00046137 0.99607843 0.04152240
0.00350635 0.99607843 0.00498264
0.03021916 0.98292964 0.00000000
0.06066896 0.96770474 0.00000000
0.09024217 0.95247984 0.00000000
0.11764699 0.93725494 0.00000000
0.14809696 0.92507495 0.00000000
0.17854681 0.91072660 0.00000000
0.20770479 0.89550171 0.00000000
0.23552483 0.88027681 0.00000000
0.26597464 0.86505191 0.00000000
0.29642443 0.85241063 0.00000000
0.32687423 0.83852369 0.00000000
0.35649363 0.82329876 0.00000000
0.38389860 0.80807378 0.00000000
0.39930800 0.81384086 0.00000000
0.41028837 0.82629761 0.00000000
0.41817763 0.84027683 0.00000000
0.42426759 0.85282584 0.00000000
0.43035755 0.86805073 0.00000000
0.43898499 0.88327563 0.00000000
0.44645906 0.89850058 0.00000000
0.45254904 0.91294122 0.00000000
0.45863900 0.92512114 0.00000000
0.46768167 0.94025377 0.00000000
0.47474049 0.95547866 0.00000000
0.48202998 0.97070356 0.00000000
0.49116492 0.98560551 0.00032295
0.50029988 0.99778543 0.00336793
0.51690892 1.00000000 0.01886968
0.53517885 1.00000000 0.03713961
0.55344873 1.00000000 0.05540949
0.57171860 1.00000000 0.07367937
0.59289505 1.00000000 0.08904267
0.61217993 1.00000000 0.10629755
0.63044980 1.00000000 0.12456743
0.64871969 1.00000000 0.14283732
0.66698967 1.00000000 0.16110731
0.68525957 1.00000000 0.17937720
0.70509808 1.00000000 0.19764708
0.72572089 1.00000000 0.21591696
0.74399077 1.00000000 0.23418683
0.76226065 1.00000000 0.22671282
0.78053052 1.00000000 0.21162636
0.79880044 1.00000000 0.19335644
0.81707041 1.00000000 0.17508646
0.83534029 1.00000000 0.15681659
0.85361017 1.00000000 0.13854671
0.87188010 1.00000000 0.12179928
0.89015004 1.00000000 0.10592840
0.90841981 1.00000000 0.08765863
0.92668977 1.00000000 0.06938867
0.94495962 1.00000000 0.05111882
0.96322947 1.00000000 0.03284897
0.98131490 0.99963090 0.01494808
0.99653989 0.99354091 0.00276809
1.00000000 0.98509802 0.00000000
1.00000000 0.97448673 0.00000000
1.00000000 0.96230677 0.00000000
1.00000000 0.95012692 0.00000000
1.00000000 0.93794694 0.00000000
1.00000000 0.92576704 0.00000000
1.00000000 0.91460213 0.00000000
1.00000000 0.90532873 0.00000000
1.00000000 0.89314874 0.00000000
1.00000000 0.88096886 0.00000000
1.00000000 0.86878894 0.00000000
1.00000000 0.85660898 0.00000000
1.00000000 0.84442914 0.00000000
1.00000000 0.83497119 0.00272203
1.00000000 0.82583619 0.00576702
1.00000000 0.81767011 0.00881201
1.00000000 0.81148792 0.01194924
1.00000000 0.80235293 0.01803923
1.00000000 0.79321801 0.02186851
1.00000000 0.78408308 0.02629756
1.00000000 0.77494811 0.03188005
1.00000000 0.76581322 0.03492501
1.00000000 0.75667824 0.04064589
1.00000000 0.74754325 0.04493657
1.00000000 0.73840829 0.04890429
1.00000000 0.72918115 0.05490196
1.00000000 0.71395617 0.05490196
1.00000000 0.68544415 0.05268744
1.00000000 0.65194940 0.04830452
1.00000000 0.61845443 0.04267589
1.00000000 0.58495946 0.03963089
1.00000000 0.55146483 0.03395617
1.00000000 0.51797001 0.02961938
1.00000000 0.48447514 0.02569780
1.00000000 0.45098056 0.01960787
1.00000000 0.41444061 0.01656286
1.00000000 0.38006905 0.01351786
1.00000000 0.34657425 0.00918106
1.00000000 0.31307962 0.00350635
1.00000000 0.27958465 0.00046135
1.00000000 0.25642448 0.00000000
1.00000000 0.23510960 0.00000000
1.00000000 0.21462514 0.00000000
1.00000000 0.19635537 0.00000000
1.00000000 0.17508655 0.00000000
1.00000000 0.15589384 0.00000000
1.00000000 0.13637825 0.00000000
1.00000000 0.11506349 0.00000000
1.00000000 0.09374851 0.00000000
1.00000000 0.07497121 0.00000000
1.00000000 0.05504043 0.00000000
1.00000000 0.03450977 0.00000000
1.00000000 0.01623978 0.00000000
1.00000000 0.00387543 0.02362169
1.00000000 0.00000000 0.08327578
1.00000000 0.00000000 0.15820082
1.00000000 0.00000000 0.23160293
1.00000000 0.00000000 0.30772788
1.00000000 0.00000000 0.38136074
1.00000000 0.00000000 0.45444029
1.00000000 0.00000000 0.52825842
1.00000000 0.00000000 0.60438336
1.00000000 0.00000000 0.67760086
1.00000000 0.00000000 0.75068051
1.00000000 0.00000000 0.82491353
1.00000000 0.00000000 0.90076085
1.00000000 0.00000000 0.97384078
0.97799296 0.00978091 0.99557097
0.94901952 0.02196082 1.00000000
0.91926186 0.03483274 1.00000000
0.89185688 0.05005773 1.00000000
0.86159178 0.06242212 1.00000000
0.83312578 0.07658591 1.00000000
0.80461366 0.09181083 1.00000000
0.77439467 0.10680499 1.00000000
0.74698970 0.11898498 1.00000000
0.71718563 0.13356406 1.00000000
0.68825834 0.14726646 1.00000000
0.66020772 0.16009223 1.00000000
0.62975774 0.17531722 1.00000000
0.62182242 0.19335633 0.99718571
0.63510951 0.21550165 0.99220302
0.65946949 0.23880050 0.98717416
0.68382945 0.26030004 0.98394460
0.70818915 0.28465973 0.97785468
0.73254906 0.30901964 0.97176470
0.75543254 0.33337948 0.96715110
0.77734708 0.35773923 0.96350637
0.80170706 0.38209921 0.95741638
0.82606704 0.40645919 0.95132638
0.85042684 0.42892740 0.94712802
0.87478663 0.45125721 0.94306805
0.89914659 0.47561718 0.93711648
0.92350628 0.49997689 0.93407152
0.93171857 0.51972320 0.93333334
0.93476355 0.53799308 0.93476355
0.93725491 0.55570928 0.93725491
0.93725491 0.57093426 0.93725491
0.93997695 0.58888129 0.93997695
0.94302192 0.60715115 0.94302192
0.94509804 0.62542098 0.94509804
0.94519032 0.64359868 0.94519032
0.94823528 0.65882349 0.94823528
0.95128027 0.67630909 0.95128027
0.95294118 0.69457908 0.95294118
0.95344869 0.71234151 0.95344869
0.95649365 0.72756632 0.95649365
0.95953865 0.74546718 0.95953865
0.96258362 0.76553635 0.96258362
0.96562860 0.78592844 0.96562860
0.96867359 0.80419842 0.96867359
0.97171855 0.82246819 0.97171855
0.97476354 0.84073812 0.97476354
0.97780854 0.85900810 0.97780854
0.98085353 0.87773943 0.98085353
0.98389849 0.89905416 0.98389849
0.98694349 0.91773935 0.98694349
0.98998846 0.93600921 0.98998846
0.99303343 0.95427904 0.99303343
0.99607843 0.97254902 0.99607843
