0.96862745 0.98823529 0.94117647
0.96579777 0.98712803 0.93859285
0.96296809 0.98602076 0.93600923
0.96013841 0.98491350 0.93342561
0.95730873 0.98380623 0.93084199
0.95447905 0.98269896 0.92825837
0.95164937 0.98159170 0.92567474
0.94881969 0.98048443 0.92309112
0.94599001 0.97937716 0.92050750
0.94316033 0.97826990 0.91792388
0.94033065 0.97716263 0.91534026
0.93750096 0.97605536 0.91275664
0.93467128 0.97494810 0.91017302
0.93184160 0.97384083 0.90758939
0.92901192 0.97273357 0.90500577
0.92618224 0.97162630 0.90242215
0.92335256 0.97051903 0.89983853
0.92052288 0.96941177 0.89725491
0.91769320 0.96830450 0.89467129
0.91486352 0.96719723 0.89208767
0.91203384 0.96608997 0.88950404
0.90920416 0.96498270 0.88692042
0.90637448 0.96387543 0.88433680
0.90354480 0.96276817 0.88175318
0.90071512 0.96166090 0.87916956
0.89788543 0.96055364 0.87658594
0.89505575 0.95944637 0.87400231
0.89222607 0.95833910 0.87141869
0.88939639 0.95723184 0.86883507
0.88656671 0.95612457 0.86625145
0.88373703 0.95501730 0.86366783
0.88090735 0.95391004 0.86108421
0.87812381 0.95281815 0.85848521
0.87566321 0.95183391 0.85577856
0.87320262 0.95084968 0.85307190
0.87074203 0.94986544 0.85036525
0.86828144 0.94888120 0.84765860
0.86582085 0.94789697 0.84495195
0.86336025 0.94691273 0.84224530
0.86089966 0.94592849 0.83953865
0.85843907 0.94494426 0.83683200
0.85597848 0.94396002 0.83412535
0.85351789 0.94297578 0.83141870
0.85105729 0.94199155 0.82871204
0.84859670 0.94100731 0.82600539
0.84613611 0.94002307 0.82329874
0.84367552 0.93903883 0.82059209
0.84121493 0.93805460 0.81788544
0.83875433 0.93707036 0.81517879
0.83629374 0.93608612 0.81247214
0.83383315 0.93510189 0.80976549
0.83137256 0.93411765 0.80705884
0.82891197 0.93313341 0.80435218
0.82645138 0.93214918 0.80164553
0.82399078 0.93116494 0.79893888
0.82153019 0.93018070 0.79623223
0.81906960 0.92919647 0.79352558
0.81660901 0.92821223 0.79081893
0.81414842 0.92722799 0.78811228
0.81168782 0.92624376 0.78540563
0.80922723 0.92525952 0.78269897
0.80676664 0.92427528 0.77999232
0.80430605 0.92329105 0.77728567
0.80184546 0.92230681 0.77457902
0.79889275 0.92113803 0.77205691
0.79446368 0.91941561 0.77008844
0.79003461 0.91769320 0.76811997
0.78560555 0.91597079 0.76615149
0.78117648 0.91424837 0.76418302
0.77674742 0.91252596 0.76221455
0.77231835 0.91080354 0.76024607
0.76788929 0.90908113 0.75827760
0.76346022 0.90735871 0.75630913
0.75903116 0.90563630 0.75434065
0.75460209 0.90391389 0.75237218
0.75017303 0.90219147 0.75040371
0.74574396 0.90046906 0.74843523
0.74131489 0.89874664 0.74646676
0.73688583 0.89702423 0.74449829
0.73245676 0.89530181 0.74252981
0.72802770 0.89357940 0.74056134
0.72359863 0.89185698 0.73859286
0.71916957 0.89013457 0.73662439
0.71474050 0.88841216 0.73465592
0.71031144 0.88668974 0.73268744
0.70588237 0.88496733 0.73071897
0.70145330 0.88324491 0.72875050
0.69702424 0.88152250 0.72678202
0.69259517 0.87980008 0.72481355
0.68816611 0.87807767 0.72284508
0.68373704 0.87635526 0.72087660
0.67930798 0.87463284 0.71890813
0.67487891 0.87291043 0.71693966
0.67044985 0.87118801 0.71497118
0.66602078 0.86946560 0.71300271
0.66159172 0.86774318 0.71103423
0.65674742 0.86588236 0.71049598
0.65121109 0.86379086 0.71234142
0.64567476 0.86169935 0.71418687
0.64013843 0.85960785 0.71603231
0.63460209 0.85751635 0.71787776
0.62906576 0.85542485 0.71972320
0.62352943 0.85333334 0.72156864
0.61799310 0.85124184 0.72341409
0.61245676 0.84915034 0.72525953
0.60692043 0.84705883 0.72710498
0.60138410 0.84496733 0.72895042
0.59584776 0.84287583 0.73079586
0.59031143 0.84078432 0.73264131
0.58477510 0.83869282 0.73448675
0.57923877 0.83660132 0.73633220
0.57370243 0.83450981 0.73817764
0.56816610 0.83241831 0.74002308
0.56262977 0.83032681 0.74186853
0.55709343 0.82823530 0.74371397
0.55155710 0.82614380 0.74555942
0.54602077 0.82405230 0.74740486
0.54048444 0.82196079 0.74925030
0.53494810 0.81986929 0.75109575
0.52941177 0.81777779 0.75294119
0.52387544 0.81568629 0.75478664
0.51833911 0.81359478 0.75663208
0.51280277 0.81150328 0.75847752
0.50726644 0.80941178 0.76032297
0.50173011 0.80732027 0.76216841
0.49619377 0.80522877 0.76401385
0.49065744 0.80313727 0.76585930
0.48512111 0.80104576 0.76770474
0.47958478 0.79846214 0.76955019
0.47404844 0.79538640 0.77139563
0.46851211 0.79231066 0.77324107
0.46297578 0.78923492 0.77508652
0.45743945 0.78615918 0.77693196
0.45190312 0.78308344 0.77877741
0.44636679 0.78000770 0.78062285
0.44083045 0.77693196 0.78246829
0.43529412 0.77385622 0.78431374
0.42975779 0.77078048 0.78615918
0.42422146 0.76770474 0.78800463
0.41868513 0.76462900 0.78985007
0.41314879 0.76155326 0.79169551
0.40761246 0.75847752 0.79354096
0.40207613 0.75540178 0.79538640
0.39653980 0.75232604 0.79723185
0.39100347 0.74925030 0.79907729
0.38546713 0.74617456 0.80092273
0.37993080 0.74309882 0.80276818
0.37439447 0.74002308 0.80461362
0.36885814 0.73694734 0.80645907
0.36332181 0.73387160 0.80830451
0.35778548 0.73079586 0.81014995
0.35224914 0.72772012 0.81199540
0.34671281 0.72464438 0.81384084
0.34117648 0.72156864 0.81568629
0.33564015 0.71849290 0.81753173
0.33010382 0.71541716 0.81937717
0.32456748 0.71234142 0.82122262
0.31903115 0.70926568 0.82306806
0.31349482 0.70618994 0.82491351
0.30795849 0.70311420 0.82675895
0.30319109 0.69896196 0.82583623
0.29888506 0.69416380 0.82325261
0.29457902 0.68936565 0.82066898
0.29027298 0.68456749 0.81808536
0.28596695 0.67976934 0.81550174
0.28166091 0.67497118 0.81291812
0.27735487 0.67017303 0.81033450
0.27304884 0.66537488 0.80775088
0.26874280 0.66057672 0.80516725
0.26443676 0.65577857 0.80258363
0.26013073 0.65098041 0.80000001
0.25582469 0.64618226 0.79741639
0.25151866 0.64138410 0.79483277
0.24721262 0.63658595 0.79224915
0.24290658 0.63178780 0.78966553
0.23860055 0.62698964 0.78708190
0.23429451 0.62219149 0.78449828
0.22998847 0.61739333 0.78191466
0.22568244 0.61259518 0.77933104
0.22137640 0.60779702 0.77674742
0.21707036 0.60299887 0.77416380
0.21276433 0.59820072 0.77158018
0.20845829 0.59340256 0.76899655
0.20415226 0.58860441 0.76641293
0.19984622 0.58380625 0.76382931
0.19554018 0.57900810 0.76124569
0.19123415 0.57420994 0.75866207
0.18692811 0.56941179 0.75607845
0.18262207 0.56461364 0.75349482
0.17831604 0.55981548 0.75091120
0.17401000 0.55501733 0.74832758
0.16970396 0.55021917 0.74574396
0.16539793 0.54569783 0.74343715
0.16109189 0.54126877 0.74122262
0.15678586 0.53683970 0.73900809
0.15247982 0.53241064 0.73679356
0.14817378 0.52798157 0.73457902
0.14386775 0.52355250 0.73236449
0.13956171 0.51912344 0.73014996
0.13525568 0.51469437 0.72793543
0.13094964 0.51026530 0.72572089
0.12664360 0.50583624 0.72350636
0.12233757 0.50140717 0.72129183
0.11803153 0.49697810 0.71907729
0.11372549 0.49254904 0.71686276
0.10941946 0.48811997 0.71464823
0.10511342 0.48369091 0.71243370
0.10080739 0.47926184 0.71021916
0.09650135 0.47483277 0.70800463
0.09219531 0.47040371 0.70579010
0.08788928 0.46597464 0.70357557
0.08358324 0.46154557 0.70136103
0.07927720 0.45711651 0.69914650
0.07497117 0.45268744 0.69693197
0.07066513 0.44825837 0.69471743
0.06635910 0.44382931 0.69250290
0.06205306 0.43940024 0.69028837
0.05774702 0.43497117 0.68807384
0.05344099 0.43054211 0.68585930
0.04913495 0.42611304 0.68364477
0.04482891 0.42168398 0.68143024
0.04052288 0.41725491 0.67921571
0.03621684 0.41282584 0.67700117
0.03191081 0.40839678 0.67478664
0.03137255 0.40353711 0.66988083
0.03137255 0.39861592 0.66459056
0.03137255 0.39369474 0.65930029
0.03137255 0.38877356 0.65401002
0.03137255 0.38385237 0.64871974
0.03137255 0.37893119 0.64342947
0.03137255 0.37401000 0.63813920
0.03137255 0.36908882 0.63284893
0.03137255 0.36416764 0.62755865
0.03137255 0.35924645 0.62226838
0.03137255 0.35432527 0.61697811
0.03137255 0.34940408 0.61168784
0.03137255 0.34448290 0.60639756
0.03137255 0.33956172 0.60110729
0.03137255 0.33464053 0.59581702
0.03137255 0.32971935 0.59052674
0.03137255 0.32479816 0.58523647
0.03137255 0.31987698 0.57994620
0.03137255 0.31495580 0.57465593
0.03137255 0.31003461 0.56936565
0.03137255 0.30511343 0.56407538
0.03137255 0.30019225 0.55878511
0.03137255 0.29527106 0.55349484
0.03137255 0.29034988 0.54820456
0.03137255 0.28542869 0.54291429
0.03137255 0.28050751 0.53762402
0.03137255 0.27558633 0.53233375
0.03137255 0.27066514 0.52704347
0.03137255 0.26574396 0.52175320
0.03137255 0.26082277 0.51646293
0.03137255 0.25590159 0.51117266
0.03137255 0.25098041 0.50588238
