0.04160000 0.00000000 0.00000000
0.05189484 0.00000000 0.00000000
0.06218969 0.00000000 0.00000000
0.07248453 0.00000000 0.00000000
0.08277938 0.00000000 0.00000000
0.09307422 0.00000000 0.00000000
0.10336906 0.00000000 0.00000000
0.11366391 0.00000000 0.00000000
0.12395875 0.00000000 0.00000000
0.13425360 0.00000000 0.00000000
0.14454844 0.00000000 0.00000000
0.15484328 0.00000000 0.00000000
0.16513813 0.00000000 0.00000000
0.17543297 0.00000000 0.00000000
0.18572782 0.00000000 0.00000000
0.19602266 0.00000000 0.00000000
0.20631750 0.00000000 0.00000000
0.21661235 0.00000000 0.00000000
0.22690719 0.00000000 0.00000000
0.23720204 0.00000000 0.00000000
0.24749688 0.00000000 0.00000000
0.25779173 0.00000000 0.00000000
0.26808657 0.00000000 0.00000000
0.27838141 0.00000000 0.00000000
0.28867626 0.00000000 0.00000000
0.29897110 0.00000000 0.00000000
0.30926595 0.00000000 0.00000000
0.31956079 0.00000000 0.00000000
0.32985563 0.00000000 0.00000000
0.34015048 0.00000000 0.00000000
0.35044532 0.00000000 0.00000000
0.36074017 0.00000000 0.00000000
0.37103501 0.00000000 0.00000000
0.38132985 0.00000000 0.00000000
0.39162470 0.00000000 0.00000000
0.40191954 0.00000000 0.00000000
0.41221439 0.00000000 0.00000000
0.42250923 0.00000000 0.00000000
0.43280407 0.00000000 0.00000000
0.44309892 0.00000000 0.00000000
0.45339376 0.00000000 0.00000000
0.46368861 0.00000000 0.00000000
0.47398345 0.00000000 0.00000000
0.48427829 0.00000000 0.00000000
0.49457314 0.00000000 0.00000000
0.50486798 0.00000000 0.00000000
0.51516283 0.00000000 0.00000000
0.52545767 0.00000000 0.00000000
0.53575251 0.00000000 0.00000000
0.54604736 0.00000000 0.00000000
0.55634220 0.00000000 0.00000000
0.56663705 0.00000000 0.00000000
0.57693189 0.00000000 0.00000000
0.58722673 0.00000000 0.00000000
0.59752158 0.00000000 0.00000000
0.60781642 0.00000000 0.00000000
0.61811127 0.00000000 0.00000000
0.62840611 0.00000000 0.00000000
0.63870096 0.00000000 0.00000000
0.64899580 0.00000000 0.00000000
0.65929064 0.00000000 0.00000000
0.66958549 0.00000000 0.00000000
0.67988033 0.00000000 0.00000000
0.69017518 0.00000000 0.00000000
0.70047002 0.00000000 0.00000000
0.71076486 0.00000000 0.00000000
0.72105971 0.00000000 0.00000000
0.73135455 0.00000000 0.00000000
0.74164940 0.00000000 0.00000000
0.75194424 0.00000000 0.00000000
0.76223908 0.00000000 0.00000000
0.77253393 0.00000000 0.00000000
0.78282877 0.00000000 0.00000000
0.79312362 0.00000000 0.00000000
0.80341846 0.00000000 0.00000000
0.81371330 0.00000000 0.00000000
0.82400815 0.00000000 0.00000000
0.83430299 0.00000000 0.00000000
0.84459784 0.00000000 0.00000000
0.85489268 0.00000000 0.00000000
0.86518752 0.00000000 0.00000000
0.87548237 0.00000000 0.00000000
0.88577721 0.00000000 0.00000000
0.89607206 0.00000000 0.00000000
0.90636690 0.00000000 0.00000000
0.91666174 0.00000000 0.00000000
0.92695659 0.00000000 0.00000000
0.93725143 0.00000000 0.00000000
0.94754628 0.00000000 0.00000000
0.95784112 0.00000000 0.00000000
0.96813596 0.00000000 0.00000000
0.97843081 0.00000000 0.00000000
0.98872565 0.00000000 0.00000000
0.99902050 0.00000000 0.00000000
1.00000000 0.00931467 0.00000000
1.00000000 0.01960877 0.00000000
1.00000000 0.02990287 0.00000000
1.00000000 0.04019697 0.00000000
1.00000000 0.05049107 0.00000000
1.00000000 0.06078517 0.00000000
1.00000000 0.07107927 0.00000000
1.00000000 0.08137338 0.00000000
1.00000000 0.09166748 0.00000000
1.00000000 0.10196158 0.00000000
1.00000000 0.11225568 0.00000000
1.00000000 0.12254978 0.00000000
1.00000000 0.13284388 0.00000000
1.00000000 0.14313798 0.00000000
1.00000000 0.15343208 0.00000000
1.00000000 0.16372618 0.00000000
1.00000000 0.17402028 0.00000000
1.00000000 0.18431438 0.00000000
1.00000000 0.19460849 0.00000000
1.00000000 0.20490259 0.00000000
1.00000000 0.21519669 0.00000000
1.00000000 0.22549079 0.00000000
1.00000000 0.23578489 0.00000000
1.00000000 0.24607899 0.00000000
1.00000000 0.25637309 0.00000000
1.00000000 0.26666719 0.00000000
1.00000000 0.27696129 0.00000000
1.00000000 0.28725539 0.00000000
1.00000000 0.29754949 0.00000000
1.00000000 0.30784360 0.00000000
1.00000000 0.31813770 0.00000000
1.00000000 0.32843180 0.00000000
1.00000000 0.33872590 0.00000000
1.00000000 0.34902000 0.00000000
1.00000000 0.35931410 0.00000000
1.00000000 0.36960820 0.00000000
1.00000000 0.37990230 0.00000000
1.00000000 0.39019640 0.00000000
1.00000000 0.40049050 0.00000000
1.00000000 0.41078460 0.00000000
1.00000000 0.42107871 0.00000000
1.00000000 0.43137281 0.00000000
1.00000000 0.44166691 0.00000000
1.00000000 0.45196101 0.00000000
1.00000000 0.46225511 0.00000000
1.00000000 0.47254921 0.00000000
1.00000000 0.48284331 0.00000000
1.00000000 0.49313741 0.00000000
1.00000000 0.50343151 0.00000000
1.00000000 0.51372561 0.00000000
1.00000000 0.52401971 0.00000000
1.00000000 0.53431382 0.00000000
1.00000000 0.54460792 0.00000000
1.00000000 0.55490202 0.00000000
1.00000000 0.56519612 0.00000000
1.00000000 0.57549022 0.00000000
1.00000000 0.58578432 0.00000000
1.00000000 0.59607842 0.00000000
1.00000000 0.60637252 0.00000000
1.00000000 0.61666662 0.00000000
1.00000000 0.62696072 0.00000000
1.00000000 0.63725482 0.00000000
1.00000000 0.64754893 0.00000000
1.00000000 0.65784303 0.00000000
1.00000000 0.66813713 0.00000000
1.00000000 0.67843123 0.00000000
1.00000000 0.68872533 0.00000000
1.00000000 0.69901943 0.00000000
1.00000000 0.70931353 0.00000000
1.00000000 0.71960763 0.00000000
1.00000000 0.72990173 0.00000000
1.00000000 0.74019583 0.00000000
1.00000000 0.75048993 0.00000000
1.00000000 0.76078404 0.00000000
1.00000000 0.77107814 0.00000000
1.00000000 0.78137224 0.00000000
1.00000000 0.79166634 0.00000000
1.00000000 0.80196044 0.00000000
1.00000000 0.81225454 0.00000000
1.00000000 0.82254864 0.00000000
1.00000000 0.83284274 0.00000000
1.00000000 0.84313684 0.00000000
1.00000000 0.85343094 0.00000000
1.00000000 0.86372504 0.00000000
1.00000000 0.87401915 0.00000000
1.00000000 0.88431325 0.00000000
1.00000000 0.89460735 0.00000000
1.00000000 0.90490145 0.00000000
1.00000000 0.91519555 0.00000000
1.00000000 0.92548965 0.00000000
1.00000000 0.93578375 0.00000000
1.00000000 0.94607785 0.00000000
1.00000000 0.95637195 0.00000000
1.00000000 0.96666605 0.00000000
1.00000000 0.97696016 0.00000000
1.00000000 0.98725426 0.00000000
1.00000000 0.99754836 0.00000000
1.00000000 1.00000000 0.01176372
1.00000000 1.00000000 0.02720491
1.00000000 1.00000000 0.04264610
1.00000000 1.00000000 0.05808729
1.00000000 1.00000000 0.07352849
1.00000000 1.00000000 0.08896968
1.00000000 1.00000000 0.10441087
1.00000000 1.00000000 0.11985206
1.00000000 1.00000000 0.13529325
1.00000000 1.00000000 0.15073444
1.00000000 1.00000000 0.16617564
1.00000000 1.00000000 0.18161683
1.00000000 1.00000000 0.19705802
1.00000000 1.00000000 0.21249921
1.00000000 1.00000000 0.22794040
1.00000000 1.00000000 0.24338160
1.00000000 1.00000000 0.25882279
1.00000000 1.00000000 0.27426398
1.00000000 1.00000000 0.28970517
1.00000000 1.00000000 0.30514636
1.00000000 1.00000000 0.32058756
1.00000000 1.00000000 0.33602875
1.00000000 1.00000000 0.35146994
1.00000000 1.00000000 0.36691113
1.00000000 1.00000000 0.38235232
1.00000000 1.00000000 0.39779352
1.00000000 1.00000000 0.41323471
1.00000000 1.00000000 0.42867590
1.00000000 1.00000000 0.44411709
1.00000000 1.00000000 0.45955828
1.00000000 1.00000000 0.47499947
1.00000000 1.00000000 0.49044067
1.00000000 1.00000000 0.50588186
1.00000000 1.00000000 0.52132305
1.00000000 1.00000000 0.53676424
1.00000000 1.00000000 0.55220543
1.00000000 1.00000000 0.56764663
1.00000000 1.00000000 0.58308782
1.00000000 1.00000000 0.59852901
1.00000000 1.00000000 0.61397020
1.00000000 1.00000000 0.62941139
1.00000000 1.00000000 0.64485259
1.00000000 1.00000000 0.66029378
1.00000000 1.00000000 0.67573497
1.00000000 1.00000000 0.69117616
1.00000000 1.00000000 0.70661735
1.00000000 1.00000000 0.72205855
1.00000000 1.00000000 0.73749974
1.00000000 1.00000000 0.75294093
1.00000000 1.00000000 0.76838212
1.00000000 1.00000000 0.78382331
1.00000000 1.00000000 0.79926451
1.00000000 1.00000000 0.81470570
1.00000000 1.00000000 0.83014689
1.00000000 1.00000000 0.84558808
1.00000000 1.00000000 0.86102927
1.00000000 1.00000000 0.87647046
1.00000000 1.00000000 0.89191166
1.00000000 1.00000000 0.90735285
1.00000000 1.00000000 0.92279404
1.00000000 1.00000000 0.93823523
1.00000000 1.00000000 0.95367642
1.00000000 1.00000000 0.96911762
1.00000000 1.00000000 0.98455881
1.00000000 1.00000000 1.00000000
