1.00000000 0.96078432 0.92156863
0.99987697 0.95893887 0.91800077
0.99975394 0.95709343 0.91443292
0.99963091 0.95524798 0.91086506
0.99950788 0.95340254 0.90729720
0.99938485 0.95155710 0.90372934
0.99926182 0.94971165 0.90016148
0.99913879 0.94786621 0.89659362
0.99901576 0.94602076 0.89302577
0.99889273 0.94417532 0.88945791
0.99876970 0.94232988 0.88589005
0.99864667 0.94048443 0.88232219
0.99852364 0.93863899 0.87875433
0.99840062 0.93679354 0.87518647
0.99827759 0.93494810 0.87161862
0.99815456 0.93310266 0.86805076
0.99803153 0.93125721 0.86448290
0.99790850 0.92941177 0.86091504
0.99778547 0.92756632 0.85734718
0.99766244 0.92572088 0.85377932
0.99753941 0.92387544 0.85021147
0.99741638 0.92202999 0.84664361
0.99729335 0.92018455 0.84307575
0.99717032 0.91833911 0.83950789
0.99704729 0.91649366 0.83594003
0.99692426 0.91464822 0.83237217
0.99680123 0.91280277 0.82880432
0.99667820 0.91095733 0.82523646
0.99655517 0.90911189 0.82166860
0.99643214 0.90726644 0.81810074
0.99630911 0.90542100 0.81453288
0.99618608 0.90357555 0.81096502
0.99606305 0.90162246 0.80716649
0.99594002 0.89891581 0.80175318
0.99581699 0.89620916 0.79633988
0.99569396 0.89350251 0.79092658
0.99557093 0.89079585 0.78551328
0.99544790 0.88808920 0.78009997
0.99532488 0.88538255 0.77468667
0.99520185 0.88267590 0.76927337
0.99507882 0.87996925 0.76386007
0.99495579 0.87726260 0.75844677
0.99483276 0.87455595 0.75303346
0.99470973 0.87184930 0.74762016
0.99458670 0.86914265 0.74220686
0.99446367 0.86643599 0.73679356
0.99434064 0.86372934 0.73138025
0.99421761 0.86102269 0.72596695
0.99409458 0.85831604 0.72055365
0.99397155 0.85560939 0.71514035
0.99384852 0.85290274 0.70972705
0.99372549 0.85019609 0.70431374
0.99360246 0.84748944 0.69890044
0.99347943 0.84478279 0.69348714
0.99335640 0.84207613 0.68807384
0.99323337 0.83936948 0.68266053
0.99311034 0.83666283 0.67724723
0.99298731 0.83395618 0.67183393
0.99286428 0.83124953 0.66642063
0.99274125 0.82854288 0.66100733
0.99261822 0.82583623 0.65559402
0.99249519 0.82312958 0.65018072
0.99237217 0.82042292 0.64476742
0.99224914 0.81771627 0.63935412
0.99215686 0.81464053 0.63360248
0.99215686 0.81045753 0.62683585
0.99215686 0.80627452 0.62006922
0.99215686 0.80209152 0.61330260
0.99215686 0.79790851 0.60653597
0.99215686 0.79372550 0.59976934
0.99215686 0.78954250 0.59300271
0.99215686 0.78535949 0.58623608
0.99215686 0.78117648 0.57946945
0.99215686 0.77699348 0.57270282
0.99215686 0.77281047 0.56593619
0.99215686 0.76862746 0.55916957
0.99215686 0.76444446 0.55240294
0.99215686 0.76026145 0.54563631
0.99215686 0.75607845 0.53886968
0.99215686 0.75189544 0.53210305
0.99215686 0.74771243 0.52533642
0.99215686 0.74352943 0.51856979
0.99215686 0.73934642 0.51180316
0.99215686 0.73516341 0.50503654
0.99215686 0.73098041 0.49826991
0.99215686 0.72679740 0.49150328
0.99215686 0.72261440 0.48473665
0.99215686 0.71843139 0.47797002
0.99215686 0.71424838 0.47120339
0.99215686 0.71006538 0.46443676
0.99215686 0.70588237 0.45767013
0.99215686 0.70169936 0.45090351
0.99215686 0.69751636 0.44413688
0.99215686 0.69333335 0.43737025
0.99215686 0.68915035 0.43060362
0.99215686 0.68496734 0.42383699
0.99215686 0.68083047 0.41743945
0.99215686 0.67677049 0.41165706
0.99215686 0.67271052 0.40587467
0.99215686 0.66865054 0.40009228
0.99215686 0.66459056 0.39430989
0.99215686 0.66053059 0.38852749
0.99215686 0.65647061 0.38274510
0.99215686 0.65241063 0.37696271
0.99215686 0.64835066 0.37118032
0.99215686 0.64429068 0.36539793
0.99215686 0.64023070 0.35961554
0.99215686 0.63617073 0.35383314
0.99215686 0.63211075 0.34805075
0.99215686 0.62805077 0.34226836
0.99215686 0.62399080 0.33648597
0.99215686 0.61993082 0.33070358
0.99215686 0.61587084 0.32492119
0.99215686 0.61181087 0.31913880
0.99215686 0.60775089 0.31335640
0.99215686 0.60369091 0.30757401
0.99215686 0.59963094 0.30179162
0.99215686 0.59557096 0.29600923
0.99215686 0.59151098 0.29022684
0.99215686 0.58745100 0.28444445
0.99215686 0.58339103 0.27866205
0.99215686 0.57933105 0.27287966
0.99215686 0.57527107 0.26709727
0.99215686 0.57121110 0.26131488
0.99215686 0.56715112 0.25553249
0.99215686 0.56309114 0.24975010
0.99215686 0.55903117 0.24396771
0.99215686 0.55497119 0.23818531
0.99141869 0.55072667 0.23277201
0.98994233 0.54629760 0.22772780
0.98846598 0.54186854 0.22268358
0.98698962 0.53743947 0.21763937
0.98551326 0.53301040 0.21259516
0.98403691 0.52858134 0.20755094
0.98256055 0.52415227 0.20250673
0.98108420 0.51972321 0.19746252
0.97960784 0.51529414 0.19241830
0.97813149 0.51086507 0.18737409
0.97665513 0.50643601 0.18232987
0.97517878 0.50200694 0.17728566
0.97370242 0.49757787 0.17224145
0.97222607 0.49314881 0.16719723
0.97074971 0.48871974 0.16215302
0.96927336 0.48429067 0.15710881
0.96779700 0.47986161 0.15206459
0.96632065 0.47543254 0.14702038
0.96484429 0.47100347 0.14197617
0.96336794 0.46657441 0.13693195
0.96189158 0.46214534 0.13188774
0.96041523 0.45771628 0.12684352
0.95893887 0.45328721 0.12179931
0.95746252 0.44885814 0.11675510
0.95598616 0.44442908 0.11171088
0.95450981 0.44000001 0.10666667
0.95303345 0.43557094 0.10162246
0.95155710 0.43114188 0.09657824
0.95008074 0.42671281 0.09153403
0.94860439 0.42228374 0.08648981
0.94712803 0.41785468 0.08144560
0.94565168 0.41342561 0.07640139
0.94325260 0.40922723 0.07312572
0.94029989 0.40516725 0.07091119
0.93734718 0.40110727 0.06869666
0.93439447 0.39704730 0.06648212
0.93144176 0.39298732 0.06426759
0.92848905 0.38892734 0.06205306
0.92553634 0.38486737 0.05983853
0.92258363 0.38080739 0.05762399
0.91963092 0.37674741 0.05540946
0.91667821 0.37268744 0.05319493
0.91372550 0.36862746 0.05098039
0.91077279 0.36456748 0.04876586
0.90782007 0.36050751 0.04655133
0.90486736 0.35644753 0.04433680
0.90191465 0.35238755 0.04212226
0.89896194 0.34832758 0.03990773
0.89600923 0.34426760 0.03769320
0.89305652 0.34020762 0.03547866
0.89010381 0.33614765 0.03326413
0.88715110 0.33208767 0.03104960
0.88419839 0.32802769 0.02883506
0.88124568 0.32396772 0.02662053
0.87829297 0.31990774 0.02440600
0.87534026 0.31584776 0.02219147
0.87238755 0.31178779 0.01997693
0.86943484 0.30772781 0.01776240
0.86648213 0.30366783 0.01554787
0.86352942 0.29960786 0.01333333
0.86057671 0.29554788 0.01111880
0.85762400 0.29148790 0.00890427
0.85467129 0.28742793 0.00668974
0.85171858 0.28336795 0.00447520
0.84627452 0.28069205 0.00410611
0.84000001 0.27847752 0.00435217
0.83372550 0.27626299 0.00459823
0.82745099 0.27404845 0.00484429
0.82117648 0.27183392 0.00509035
0.81490197 0.26961939 0.00533641
0.80862746 0.26740485 0.00558247
0.80235295 0.26519032 0.00582853
0.79607844 0.26297579 0.00607459
0.78980393 0.26076126 0.00632065
0.78352942 0.25854672 0.00656671
0.77725492 0.25633219 0.00681276
0.77098041 0.25411766 0.00705882
0.76470590 0.25190312 0.00730488
0.75843139 0.24968859 0.00755094
0.75215688 0.24747406 0.00779700
0.74588237 0.24525952 0.00804306
0.73960786 0.24304499 0.00828912
0.73333335 0.24083046 0.00853518
0.72705884 0.23861592 0.00878124
0.72078433 0.23640139 0.00902730
0.71450982 0.23418686 0.00927336
0.70823531 0.23197232 0.00951942
0.70196080 0.22975779 0.00976548
0.69568629 0.22754326 0.01001153
0.68941178 0.22532872 0.01025759
0.68313727 0.22311419 0.01050365
0.67686276 0.22089966 0.01074971
0.67058825 0.21868512 0.01099577
0.66431375 0.21647059 0.01124183
0.65803924 0.21425606 0.01148789
0.65176473 0.21204152 0.01173395
0.64678203 0.21014994 0.01187236
0.64198387 0.20830450 0.01199539
0.63718572 0.20645906 0.01211842
0.63238756 0.20461361 0.01224145
0.62758941 0.20276817 0.01236448
0.62279125 0.20092272 0.01248751
0.61799310 0.19907728 0.01261053
0.61319494 0.19723184 0.01273356
0.60839679 0.19538639 0.01285659
0.60359863 0.19354095 0.01297962
0.59880048 0.19169551 0.01310265
0.59400232 0.18985006 0.01322568
0.58920416 0.18800462 0.01334871
0.58440601 0.18615917 0.01347174
0.57960785 0.18431373 0.01359477
0.57480970 0.18246829 0.01371780
0.57001154 0.18062284 0.01384083
0.56521339 0.17877740 0.01396386
0.56041523 0.17693195 0.01408689
0.55561708 0.17508651 0.01420992
0.55081892 0.17324107 0.01433295
0.54602077 0.17139562 0.01445598
0.54122261 0.16955018 0.01457901
0.53642446 0.16770473 0.01470204
0.53162630 0.16585929 0.01482507
0.52682815 0.16401385 0.01494810
0.52202999 0.16216840 0.01507113
0.51723184 0.16032296 0.01519416
0.51243368 0.15847751 0.01531719
0.50763553 0.15663207 0.01544022
0.50283737 0.15478663 0.01556325
0.49803922 0.15294118 0.01568628
