1.00000000 0.96862745 0.92549020
0.99987697 0.96678201 0.92106114
0.99975394 0.96493656 0.91663207
0.99963091 0.96309112 0.91220300
0.99950788 0.96124568 0.90777394
0.99938485 0.95940023 0.90334487
0.99926182 0.95755479 0.89891581
0.99913879 0.95570935 0.89448674
0.99901576 0.95386390 0.89005768
0.99889273 0.95201846 0.88562861
0.99876970 0.95017301 0.88119955
0.99864667 0.94832757 0.87677048
0.99852364 0.94648213 0.87234141
0.99840062 0.94463668 0.86791235
0.99827759 0.94279124 0.86348328
0.99815456 0.94094579 0.85905422
0.99803153 0.93910035 0.85462515
0.99790850 0.93725491 0.85019609
0.99778547 0.93540946 0.84576702
0.99766244 0.93356402 0.84133796
0.99753941 0.93171857 0.83690889
0.99741638 0.92987313 0.83247983
0.99729335 0.92802769 0.82805076
0.99717032 0.92618224 0.82362169
0.99704729 0.92433680 0.81919263
0.99692426 0.92249135 0.81476356
0.99680123 0.92064591 0.81033450
0.99667820 0.91880047 0.80590543
0.99655517 0.91695502 0.80147637
0.99643214 0.91510958 0.79704730
0.99630911 0.91326413 0.79261824
0.99618608 0.91141869 0.78818917
0.99606305 0.90949635 0.78366783
0.99594002 0.90703576 0.77850059
0.99581699 0.90457517 0.77333335
0.99569396 0.90211458 0.76816610
0.99557093 0.89965399 0.76299886
0.99544790 0.89719339 0.75783162
0.99532488 0.89473280 0.75266437
0.99520185 0.89227221 0.74749713
0.99507882 0.88981162 0.74232989
0.99495579 0.88735103 0.73716265
0.99483276 0.88489043 0.73199540
0.99470973 0.88242984 0.72682816
0.99458670 0.87996925 0.72166092
0.99446367 0.87750866 0.71649367
0.99434064 0.87504807 0.71132643
0.99421761 0.87258747 0.70615919
0.99409458 0.87012688 0.70099194
0.99397155 0.86766629 0.69582470
0.99384852 0.86520570 0.69065746
0.99372549 0.86274511 0.68549021
0.99360246 0.86028451 0.68032297
0.99347943 0.85782392 0.67515573
0.99335640 0.85536333 0.66998849
0.99323337 0.85290274 0.66482124
0.99311034 0.85044215 0.65965400
0.99298731 0.84798155 0.65448676
0.99286428 0.84552096 0.64931951
0.99274125 0.84306037 0.64415227
0.99261822 0.84059978 0.63898503
0.99249519 0.83813919 0.63381778
0.99237217 0.83567859 0.62865054
0.99224914 0.83321800 0.62348330
0.99215686 0.83060362 0.61880817
0.99215686 0.82752788 0.61560940
0.99215686 0.82445214 0.61241063
0.99215686 0.82137640 0.60921186
0.99215686 0.81830066 0.60601310
0.99215686 0.81522492 0.60281433
0.99215686 0.81214918 0.59961556
0.99215686 0.80907344 0.59641679
0.99215686 0.80599770 0.59321802
0.99215686 0.80292196 0.59001925
0.99215686 0.79984622 0.58682048
0.99215686 0.79677049 0.58362171
0.99215686 0.79369475 0.58042294
0.99215686 0.79061901 0.57722417
0.99215686 0.78754327 0.57402540
0.99215686 0.78446753 0.57082663
0.99215686 0.78139179 0.56762786
0.99215686 0.77831605 0.56442909
0.99215686 0.77524031 0.56123032
0.99215686 0.77216457 0.55803155
0.99215686 0.76908883 0.55483278
0.99215686 0.76601309 0.55163401
0.99215686 0.76293735 0.54843524
0.99215686 0.75986161 0.54523647
0.99215686 0.75678587 0.54203771
0.99215686 0.75371013 0.53883894
0.99215686 0.75063439 0.53564017
0.99215686 0.74755865 0.53244140
0.99215686 0.74448291 0.52924263
0.99215686 0.74140717 0.52604386
0.99215686 0.73833143 0.52284509
0.99215686 0.73525569 0.51964632
0.99211073 0.73121109 0.51566323
0.99198770 0.72555173 0.51037296
0.99186467 0.71989237 0.50508269
0.99174164 0.71423300 0.49979241
0.99161861 0.70857364 0.49450214
0.99149558 0.70291428 0.48921187
0.99137255 0.69725492 0.48392159
0.99124952 0.69159556 0.47863132
0.99112649 0.68593620 0.47334105
0.99100346 0.68027684 0.46805077
0.99088043 0.67461747 0.46276050
0.99075740 0.66895811 0.45747023
0.99063437 0.66329875 0.45217995
0.99051134 0.65763939 0.44688968
0.99038831 0.65198003 0.44159940
0.99026528 0.64632067 0.43630913
0.99014225 0.64066131 0.43101886
0.99001922 0.63500194 0.42572858
0.98989619 0.62934258 0.42043831
0.98977316 0.62368322 0.41514804
0.98965014 0.61802386 0.40985776
0.98952711 0.61236450 0.40456749
0.98940408 0.60670514 0.39927722
0.98928105 0.60104578 0.39398694
0.98915802 0.59538641 0.38869667
0.98903499 0.58972705 0.38340640
0.98891196 0.58406769 0.37811612
0.98878893 0.57840833 0.37282585
0.98866590 0.57274897 0.36753557
0.98854287 0.56708961 0.36224530
0.98841984 0.56143025 0.35695503
0.98829681 0.55577088 0.35166475
0.98743560 0.55048061 0.34797387
0.98583622 0.54555943 0.34588236
0.98423683 0.54063824 0.34379086
0.98263745 0.53571706 0.34169936
0.98103806 0.53079587 0.33960785
0.97943868 0.52587469 0.33751635
0.97783929 0.52095350 0.33542485
0.97623991 0.51603232 0.33333334
0.97464052 0.51111113 0.33124184
0.97304114 0.50618995 0.32915034
0.97144175 0.50126876 0.32705883
0.96984237 0.49634758 0.32496733
0.96824299 0.49142639 0.32287583
0.96664360 0.48650521 0.32078432
0.96504422 0.48158402 0.31869282
0.96344483 0.47666284 0.31660132
0.96184545 0.47174165 0.31450981
0.96024606 0.46682047 0.31241831
0.95864668 0.46189928 0.31032681
0.95704729 0.45697810 0.30823531
0.95544791 0.45205691 0.30614380
0.95384852 0.44713573 0.30405230
0.95224914 0.44221455 0.30196080
0.95064975 0.43729336 0.29986929
0.94905037 0.43237218 0.29777779
0.94745098 0.42745099 0.29568629
0.94585160 0.42252981 0.29359478
0.94425221 0.41760862 0.29150328
0.94265283 0.41268744 0.28941178
0.94105344 0.40776625 0.28732027
0.93945406 0.40284507 0.28522877
0.93785467 0.39792388 0.28313727
0.93540946 0.39200308 0.27920032
0.93245675 0.38548251 0.27415611
0.92950404 0.37896194 0.26911189
0.92655133 0.37244137 0.26406768
0.92359862 0.36592081 0.25902346
0.92064591 0.35940024 0.25397925
0.91769320 0.35287967 0.24893504
0.91474049 0.34635910 0.24389082
0.91178778 0.33983853 0.23884661
0.90883507 0.33331796 0.23380239
0.90588236 0.32679739 0.22875818
0.90292965 0.32027682 0.22371396
0.89997694 0.31375625 0.21866975
0.89702423 0.30723568 0.21362554
0.89407152 0.30071511 0.20858132
0.89111881 0.29419455 0.20353711
0.88816610 0.28767398 0.19849289
0.88521339 0.28115341 0.19344868
0.88226068 0.27463284 0.18840447
0.87930797 0.26811227 0.18336025
0.87635526 0.26159170 0.17831604
0.87340255 0.25507113 0.17327182
0.87044983 0.24855056 0.16822761
0.86749712 0.24202999 0.16318339
0.86454441 0.23550942 0.15813918
0.86159170 0.22898885 0.15309497
0.85863899 0.22246829 0.14805075
0.85568628 0.21594772 0.14300654
0.85273357 0.20942715 0.13796232
0.84978086 0.20290658 0.13291811
0.84682815 0.19638601 0.12787390
0.84387544 0.18986544 0.12282968
0.83981547 0.18380623 0.11870819
0.83538640 0.17790081 0.11489427
0.83095733 0.17199539 0.11108035
0.82652827 0.16608997 0.10726644
0.82209920 0.16018455 0.10345252
0.81767014 0.15427913 0.09963860
0.81324107 0.14837371 0.09582468
0.80881201 0.14246828 0.09201077
0.80438294 0.13656286 0.08819685
0.79995388 0.13065744 0.08438293
0.79552481 0.12475202 0.08056901
0.79109574 0.11884660 0.07675509
0.78666668 0.11294118 0.07294118
0.78223761 0.10703576 0.06912726
0.77780855 0.10113034 0.06531334
0.77337948 0.09522492 0.06149942
0.76895042 0.08931949 0.05768551
0.76452135 0.08341407 0.05387159
0.76009229 0.07750865 0.05005767
0.75566322 0.07160323 0.04624375
0.75123416 0.06569781 0.04242983
0.74680509 0.05979239 0.03861592
0.74237602 0.05388697 0.03480200
0.73794696 0.04798155 0.03098808
0.73351789 0.04207613 0.02717416
0.72908883 0.03617070 0.02336025
0.72465976 0.03026528 0.01954633
0.72023070 0.02435986 0.01573241
0.71580163 0.01845444 0.01191849
0.71137257 0.01254902 0.00810458
0.70694350 0.00664360 0.00429066
0.70251444 0.00073818 0.00047674
0.69636295 0.00000000 0.00000000
0.68996541 0.00000000 0.00000000
0.68356787 0.00000000 0.00000000
0.67717033 0.00000000 0.00000000
0.67077279 0.00000000 0.00000000
0.66437525 0.00000000 0.00000000
0.65797771 0.00000000 0.00000000
0.65158017 0.00000000 0.00000000
0.64518263 0.00000000 0.00000000
0.63878509 0.00000000 0.00000000
0.63238755 0.00000000 0.00000000
0.62599002 0.00000000 0.00000000
0.61959248 0.00000000 0.00000000
0.61319494 0.00000000 0.00000000
0.60679740 0.00000000 0.00000000
0.60039986 0.00000000 0.00000000
0.59400232 0.00000000 0.00000000
0.58760478 0.00000000 0.00000000
0.58120724 0.00000000 0.00000000
0.57480970 0.00000000 0.00000000
0.56841216 0.00000000 0.00000000
0.56201462 0.00000000 0.00000000
0.55561708 0.00000000 0.00000000
0.54921954 0.00000000 0.00000000
0.54282200 0.00000000 0.00000000
0.53642446 0.00000000 0.00000000
0.53002692 0.00000000 0.00000000
0.52362938 0.00000000 0.00000000
0.51723184 0.00000000 0.00000000
0.51083430 0.00000000 0.00000000
0.50443676 0.00000000 0.00000000
0.49803922 0.00000000 0.00000000
