0.65098041 0.80784315 0.89019608
0.62814304 0.79329490 0.88224530
0.60530567 0.77874665 0.87429451
0.58246830 0.76419840 0.86634372
0.55963093 0.74965014 0.85839293
0.53679356 0.73510189 0.85044215
0.51395619 0.72055364 0.84249136
0.49111882 0.70600539 0.83454057
0.46828144 0.69145714 0.82658978
0.44544407 0.67690889 0.81863900
0.42260670 0.66236064 0.81068821
0.39976933 0.64781239 0.80273742
0.37693196 0.63326414 0.79478663
0.35409459 0.61871588 0.78683585
0.33125722 0.60416763 0.77888506
0.30841985 0.58961938 0.77093427
0.28558247 0.57507113 0.76298348
0.26274510 0.56052288 0.75503269
0.23990773 0.54597463 0.74708191
0.21707036 0.53142638 0.73913112
0.19423299 0.51687813 0.73118033
0.17139562 0.50232988 0.72322954
0.14855825 0.48778162 0.71527876
0.12572088 0.47323337 0.70732797
0.14191465 0.48484429 0.70006922
0.16678201 0.50226836 0.69296426
0.19164937 0.51969243 0.68585930
0.21651673 0.53711650 0.67875434
0.24138409 0.55454056 0.67164939
0.26625145 0.57196463 0.66454443
0.29111881 0.58938870 0.65743947
0.31598617 0.60681277 0.65033451
0.34085352 0.62423684 0.64322955
0.36572088 0.64166090 0.63612459
0.39058824 0.65908497 0.62901963
0.41545560 0.67650904 0.62191467
0.44032296 0.69393311 0.61480971
0.46519032 0.71135718 0.60770475
0.49005768 0.72878124 0.60059979
0.51492504 0.74620531 0.59349483
0.53979240 0.76362938 0.58638987
0.56465976 0.78105345 0.57928492
0.58952712 0.79847752 0.57217996
0.61439448 0.81590158 0.56507500
0.63926184 0.83332565 0.55797004
0.66412920 0.85074972 0.55086508
0.68899656 0.86817379 0.54376012
0.68436757 0.86772780 0.53105731
0.66288352 0.85707037 0.51515574
0.64139948 0.84641293 0.49925416
0.61991543 0.83575549 0.48335258
0.59843139 0.82509805 0.46745100
0.57694734 0.81444061 0.45154943
0.55546330 0.80378317 0.43564785
0.53397925 0.79312573 0.41974627
0.51249521 0.78246829 0.40384469
0.49101116 0.77181086 0.38794312
0.46952712 0.76115342 0.37204154
0.44804307 0.75049598 0.35613996
0.42655903 0.73983854 0.34023838
0.40507498 0.72918110 0.32433681
0.38359094 0.71852366 0.30843523
0.36210689 0.70786622 0.29253365
0.34062284 0.69720878 0.27663208
0.31913880 0.68655135 0.26073050
0.29765475 0.67589391 0.24482892
0.27617071 0.66523647 0.22892734
0.25468666 0.65457903 0.21302577
0.23320262 0.64392159 0.19712419
0.21171857 0.63326415 0.18122261
0.21537870 0.62698964 0.18093042
0.24921184 0.62597465 0.19936948
0.28304499 0.62495965 0.21780854
0.31687813 0.62394466 0.23624760
0.35071127 0.62292966 0.25468667
0.38454441 0.62191467 0.27312573
0.41837755 0.62089968 0.29156479
0.45221069 0.61988468 0.31000386
0.48604383 0.61886969 0.32844292
0.51987697 0.61785469 0.34688198
0.55371011 0.61683970 0.36532104
0.58754325 0.61582471 0.38376011
0.62137640 0.61480971 0.40219917
0.65520954 0.61379472 0.42063823
0.68904268 0.61277972 0.43907729
0.72287582 0.61176473 0.45751636
0.75670896 0.61074973 0.47595542
0.79054210 0.60973474 0.49439448
0.82437524 0.60871975 0.51283355
0.85820838 0.60770475 0.53127261
0.89204152 0.60668976 0.54971167
0.92587466 0.60567476 0.56815073
0.95970781 0.60465977 0.58658980
0.98320646 0.59801617 0.59423301
0.97914648 0.57636296 0.57308730
0.97508651 0.55470975 0.55194158
0.97102653 0.53305654 0.53079587
0.96696655 0.51140333 0.50965015
0.96290658 0.48975011 0.48850444
0.95884660 0.46809690 0.46735873
0.95478662 0.44644369 0.44621301
0.95072665 0.42479048 0.42506730
0.94666667 0.40313727 0.40392158
0.94260669 0.38148406 0.38277587
0.93854672 0.35983085 0.36163015
0.93448674 0.33817764 0.34048444
0.93042676 0.31652442 0.31933873
0.92636679 0.29487121 0.29819301
0.92230681 0.27321800 0.27704730
0.91824683 0.25156479 0.25590158
0.91418686 0.22991158 0.23475587
0.91012688 0.20825837 0.21361016
0.90606690 0.18660516 0.19246444
0.90200693 0.16495195 0.17131873
0.89794695 0.14329873 0.15017301
0.89388697 0.12164552 0.12902730
0.89059593 0.10449827 0.11108035
0.89499424 0.13241061 0.12512111
0.89939255 0.16032296 0.13916186
0.90379086 0.18823530 0.15320262
0.90818916 0.21614764 0.16724337
0.91258747 0.24405998 0.18128412
0.91698578 0.27197232 0.19532488
0.92138409 0.29988467 0.20936563
0.92578240 0.32779701 0.22340638
0.93018070 0.35570935 0.23744714
0.93457901 0.38362169 0.25148789
0.93897732 0.41153403 0.26552865
0.94337563 0.43944638 0.27956940
0.94777394 0.46735872 0.29361015
0.95217224 0.49527106 0.30765091
0.95657055 0.52318340 0.32169166
0.96096886 0.55109574 0.33573241
0.96536717 0.57900809 0.34977317
0.96976548 0.60692043 0.36381392
0.97416378 0.63483277 0.37785467
0.97856209 0.66274511 0.39189543
0.98296040 0.69065745 0.40593618
0.98735871 0.71856980 0.41997694
0.99175702 0.74648214 0.43401769
0.99246444 0.73917725 0.41822376
0.99280277 0.72835065 0.39944637
0.99314110 0.71752404 0.38066898
0.99347943 0.70669744 0.36189158
0.99381776 0.69587083 0.34311419
0.99415609 0.68504422 0.32433680
0.99449443 0.67421762 0.30555940
0.99483276 0.66339101 0.28678201
0.99517109 0.65256441 0.26800462
0.99550942 0.64173780 0.24922722
0.99584775 0.63091120 0.23044983
0.99618608 0.62008459 0.21167244
0.99652441 0.60925798 0.19289504
0.99686275 0.59843138 0.17411765
0.99720108 0.58760477 0.15534026
0.99753941 0.57677817 0.13656286
0.99787774 0.56595156 0.11778547
0.99821607 0.55512496 0.09900807
0.99855440 0.54429835 0.08023068
0.99889273 0.53347174 0.06145329
0.99923107 0.52264514 0.04267589
0.99956940 0.51181853 0.02389850
0.99990773 0.50099193 0.00512111
0.99347943 0.50431373 0.02632834
0.98451365 0.51294118 0.06252980
0.97554787 0.52156863 0.09873126
0.96658209 0.53019608 0.13493272
0.95761630 0.53882353 0.17113418
0.94865052 0.54745098 0.20733564
0.93968474 0.55607844 0.24353710
0.93071896 0.56470589 0.27973857
0.92175318 0.57333334 0.31594003
0.91278739 0.58196079 0.35214149
0.90382161 0.59058824 0.38834295
0.89485583 0.59921570 0.42454441
0.88589005 0.60784315 0.46074587
0.87692427 0.61647060 0.49694733
0.86795849 0.62509805 0.53314880
0.85899270 0.63372550 0.56935026
0.85002692 0.64235295 0.60555172
0.84106114 0.65098041 0.64175318
0.83209536 0.65960786 0.67795464
0.82312958 0.66823531 0.71415610
0.81416379 0.67686276 0.75035756
0.80519801 0.68549021 0.78655902
0.79623223 0.69411766 0.82276049
0.78329874 0.68724339 0.83367936
0.76705884 0.66745100 0.82352942
0.75081893 0.64765861 0.81337948
0.73457902 0.62786622 0.80322954
0.71833911 0.60807383 0.79307960
0.70209920 0.58828144 0.78292966
0.68585930 0.56848906 0.77277971
0.66961939 0.54869667 0.76262977
0.65337948 0.52890428 0.75247983
0.63713957 0.50911189 0.74232989
0.62089966 0.48931950 0.73217995
0.60465975 0.46952711 0.72203001
0.58841985 0.44973473 0.71188006
0.57217994 0.42994234 0.70173012
0.55594003 0.41014995 0.69158018
0.53970012 0.39035756 0.68143024
0.52346021 0.37056517 0.67128030
0.50722031 0.35077278 0.66113035
0.49098040 0.33098040 0.65098041
0.47474049 0.31118801 0.64083047
0.45850058 0.29139562 0.63068053
0.44226067 0.27160323 0.62053059
0.42602077 0.25181084 0.61038065
0.42485198 0.25114956 0.60386008
0.45005767 0.28396771 0.60369091
0.47526336 0.31678585 0.60352175
0.50046905 0.34960400 0.60335258
0.52567474 0.38242215 0.60318341
0.55088043 0.41524029 0.60301425
0.57608612 0.44805844 0.60284508
0.60129181 0.48087659 0.60267592
0.62649750 0.51369473 0.60250675
0.65170319 0.54651288 0.60233759
0.67690888 0.57933103 0.60216842
0.70211457 0.61214917 0.60199925
0.72732026 0.64496732 0.60183009
0.75252595 0.67778547 0.60166092
0.77773164 0.71060361 0.60149176
0.80293733 0.74342176 0.60132259
0.82814302 0.77623991 0.60115343
0.85334871 0.80905805 0.60098426
0.87855440 0.84187620 0.60081509
0.90376009 0.87469435 0.60064593
0.92896578 0.90751250 0.60047676
0.95417147 0.94033064 0.60030760
0.97937716 0.97314879 0.60013843
0.99760092 0.99489427 0.59652444
0.98440600 0.96681276 0.57740871
0.97121107 0.93873126 0.55829299
0.95801615 0.91064975 0.53917726
0.94482123 0.88256824 0.52006154
0.93162630 0.85448674 0.50094581
0.91843138 0.82640523 0.48183008
0.90523645 0.79832372 0.46271436
0.89204153 0.77024222 0.44359863
0.87884660 0.74216071 0.42448291
0.86565168 0.71407920 0.40536718
0.85245676 0.68599770 0.38625146
0.83926183 0.65791619 0.36713573
0.82606691 0.62983468 0.34802001
0.81287198 0.60175318 0.32890428
0.79967706 0.57367167 0.30978855
0.78648213 0.54559016 0.29067283
0.77328721 0.51750866 0.27155710
0.76009229 0.48942715 0.25244138
0.74689736 0.46134564 0.23332565
0.73370244 0.43326414 0.21420993
0.72050751 0.40518263 0.19509420
0.70731259 0.37710112 0.17597848
0.69411767 0.34901962 0.15686275
