0.70196080 0.88627452 0.80392158
0.70992697 0.88401385 0.80036910
0.71789313 0.88175318 0.79681662
0.72585930 0.87949251 0.79326414
0.73382547 0.87723184 0.78971166
0.74179163 0.87497117 0.78615918
0.74975780 0.87271050 0.78260670
0.75772397 0.87044983 0.77905422
0.76569013 0.86818917 0.77550174
0.77365630 0.86592850 0.77194926
0.78162247 0.86366783 0.76839678
0.78958863 0.86140716 0.76484430
0.79755480 0.85914649 0.76129183
0.80552097 0.85688582 0.75773935
0.81348713 0.85462515 0.75418687
0.82145330 0.85236448 0.75063439
0.82941946 0.85010382 0.74708191
0.83738563 0.84784315 0.74352943
0.84535180 0.84558248 0.73997695
0.85331796 0.84332181 0.73642447
0.86128413 0.84106114 0.73287199
0.86925030 0.83880047 0.72931951
0.87721646 0.83653980 0.72576703
0.88518263 0.83427913 0.72221455
0.89314880 0.83201846 0.71866207
0.90111496 0.82975780 0.71510959
0.90908113 0.82749713 0.71155711
0.91704729 0.82523646 0.70800463
0.92501346 0.82297579 0.70445215
0.93297963 0.82071512 0.70089967
0.94094579 0.81845445 0.69734719
0.94891196 0.81619378 0.69379471
0.95687813 0.81393311 0.69024223
0.96484429 0.81167244 0.68668975
0.97281046 0.80941178 0.68313727
0.98077663 0.80715111 0.67958479
0.98874279 0.80489044 0.67603231
0.98908112 0.80441370 0.67820071
0.98369858 0.80527491 0.68465977
0.97831603 0.80613611 0.69111882
0.97293349 0.80699732 0.69757787
0.96755094 0.80785853 0.70403693
0.96216840 0.80871973 0.71049598
0.95678585 0.80958094 0.71695503
0.95140331 0.81044215 0.72341409
0.94602076 0.81130336 0.72987314
0.94063822 0.81216456 0.73633220
0.93525567 0.81302577 0.74279125
0.92987313 0.81388698 0.74925030
0.92449059 0.81474818 0.75570936
0.91910804 0.81560939 0.76216841
0.91372550 0.81647060 0.76862746
0.90834295 0.81733181 0.77508652
0.90296041 0.81819301 0.78154557
0.89757786 0.81905422 0.78800463
0.89219532 0.81991543 0.79446368
0.88681277 0.82077664 0.80092273
0.88143023 0.82163784 0.80738179
0.87604768 0.82249905 0.81384084
0.87066514 0.82336026 0.82029990
0.86528259 0.82422146 0.82675895
0.85990005 0.82508267 0.83321800
0.85451750 0.82594388 0.83967706
0.84913496 0.82680509 0.84613611
0.84375241 0.82766629 0.85259516
0.83836987 0.82852750 0.85905422
0.83298732 0.82938871 0.86551327
0.82760478 0.83024991 0.87197233
0.82222223 0.83111112 0.87843138
0.81683969 0.83197233 0.88489043
0.81145714 0.83283354 0.89134949
0.80607460 0.83369474 0.89780854
0.80069205 0.83455595 0.90426760
0.79670897 0.83512496 0.90974241
0.80112266 0.83394080 0.90931181
0.80553634 0.83275664 0.90888120
0.80995003 0.83157248 0.90845060
0.81436372 0.83038832 0.90802000
0.81877740 0.82920416 0.90758939
0.82319109 0.82802000 0.90715879
0.82760478 0.82683584 0.90672819
0.83201846 0.82565168 0.90629758
0.83643215 0.82446752 0.90586698
0.84084584 0.82328336 0.90543638
0.84525952 0.82209920 0.90500577
0.84967321 0.82091504 0.90457517
0.85408690 0.81973088 0.90414457
0.85850059 0.81854672 0.90371396
0.86291427 0.81736256 0.90328336
0.86732796 0.81617840 0.90285275
0.87174165 0.81499424 0.90242215
0.87615533 0.81381008 0.90199155
0.88056902 0.81262592 0.90156094
0.88498271 0.81144176 0.90113034
0.88939639 0.81025760 0.90069974
0.89381008 0.80907344 0.90026913
0.89822377 0.80788928 0.89983853
0.90263745 0.80670512 0.89940793
0.90705114 0.80552097 0.89897732
0.91146483 0.80433681 0.89854672
0.91587851 0.80315265 0.89811612
0.92029220 0.80196849 0.89768551
0.92470589 0.80078433 0.89725491
0.92911957 0.79960017 0.89682430
0.93353326 0.79841601 0.89639370
0.93794695 0.79723185 0.89596310
0.94236063 0.79604769 0.89553249
0.94677432 0.79486353 0.89510189
0.95118801 0.79367937 0.89467129
0.95560169 0.79249521 0.89424068
0.95578624 0.79546330 0.89204153
0.95427913 0.80009228 0.88913495
0.95277201 0.80472127 0.88622838
0.95126490 0.80935026 0.88332181
0.94975779 0.81397925 0.88041523
0.94825068 0.81860824 0.87750866
0.94674356 0.82323723 0.87460208
0.94523645 0.82786622 0.87169551
0.94372934 0.83249520 0.86878894
0.94222223 0.83712419 0.86588236
0.94071511 0.84175318 0.86297579
0.93920800 0.84638217 0.86006921
0.93770089 0.85101116 0.85716264
0.93619378 0.85564015 0.85425606
0.93468666 0.86026914 0.85134949
0.93317955 0.86489812 0.84844292
0.93167244 0.86952711 0.84553634
0.93016533 0.87415610 0.84262977
0.92865821 0.87878509 0.83972319
0.92715110 0.88341408 0.83681662
0.92564399 0.88804307 0.83391004
0.92413687 0.89267206 0.83100347
0.92262976 0.89730104 0.82809690
0.92112265 0.90193003 0.82519032
0.91961554 0.90655902 0.82228375
0.91810842 0.91118801 0.81937717
0.91660131 0.91581700 0.81647060
0.91509420 0.92044599 0.81356402
0.91358709 0.92507498 0.81065745
0.91207997 0.92970396 0.80775088
0.91057286 0.93433295 0.80484430
0.90906575 0.93896194 0.80193773
0.90755864 0.94359093 0.79903115
0.90605152 0.94821992 0.79612458
0.90454441 0.95284891 0.79321801
0.90303730 0.95747790 0.79031143
0.90272973 0.96069204 0.78740486
0.90542100 0.96036909 0.78449828
0.90811227 0.96004614 0.78159171
0.91080354 0.95972319 0.77868513
0.91349481 0.95940023 0.77577856
0.91618609 0.95907728 0.77287199
0.91887736 0.95875433 0.76996541
0.92156863 0.95843138 0.76705884
0.92425990 0.95810842 0.76415226
0.92695118 0.95778547 0.76124569
0.92964245 0.95746252 0.75833911
0.93233372 0.95713956 0.75543254
0.93502499 0.95681661 0.75252597
0.93771627 0.95649366 0.74961939
0.94040754 0.95617071 0.74671282
0.94309881 0.95584775 0.74380624
0.94579008 0.95552480 0.74089967
0.94848136 0.95520185 0.73799310
0.95117263 0.95487890 0.73508652
0.95386390 0.95455594 0.73217995
0.95655517 0.95423299 0.72927337
0.95924645 0.95391004 0.72636680
0.96193772 0.95358708 0.72346022
0.96462899 0.95326413 0.72055365
0.96732026 0.95294118 0.71764708
0.97001154 0.95261823 0.71474050
0.97270281 0.95229527 0.71183393
0.97539408 0.95197232 0.70892735
0.97808535 0.95164937 0.70602078
0.98077663 0.95132642 0.70311420
0.98346790 0.95100346 0.70020763
0.98615917 0.95068051 0.69730106
0.98885044 0.95035756 0.69439448
0.99154172 0.95003461 0.69148791
0.99423299 0.94971165 0.68858133
0.99692426 0.94938870 0.68567476
0.99961553 0.94906575 0.68276818
0.99870819 0.94754326 0.68512113
0.99720108 0.94582084 0.68835065
0.99569396 0.94409843 0.69158018
0.99418685 0.94237601 0.69480971
0.99267974 0.94065360 0.69803923
0.99117263 0.93893118 0.70126876
0.98966551 0.93720877 0.70449829
0.98815840 0.93548636 0.70772781
0.98665129 0.93376394 0.71095734
0.98514418 0.93204153 0.71418687
0.98363706 0.93031911 0.71741640
0.98212995 0.92859670 0.72064592
0.98062284 0.92687428 0.72387545
0.97911573 0.92515187 0.72710498
0.97760861 0.92342945 0.73033450
0.97610150 0.92170704 0.73356403
0.97459439 0.91998463 0.73679356
0.97308728 0.91826221 0.74002308
0.97158016 0.91653980 0.74325261
0.97007305 0.91481738 0.74648214
0.96856594 0.91309497 0.74971166
0.96705883 0.91137255 0.75294119
0.96555171 0.90965014 0.75617072
0.96404460 0.90792773 0.75940025
0.96253749 0.90620531 0.76262977
0.96103038 0.90448290 0.76585930
0.95952326 0.90276048 0.76908883
0.95801615 0.90103807 0.77231835
0.95650904 0.89931565 0.77554788
0.95500193 0.89759324 0.77877741
0.95349481 0.89587083 0.78200693
0.95198770 0.89414841 0.78523646
0.95048059 0.89242600 0.78846599
0.94897347 0.89070358 0.79169551
0.94746636 0.88898117 0.79492504
0.94595925 0.88725875 0.79815457
0.94339101 0.88525952 0.80000001
0.93940792 0.88289120 0.80000001
0.93542484 0.88052288 0.80000001
0.93144176 0.87815456 0.80000001
0.92745867 0.87578624 0.80000001
0.92347559 0.87341792 0.80000001
0.91949251 0.87104960 0.80000001
0.91550942 0.86868128 0.80000001
0.91152634 0.86631296 0.80000001
0.90754326 0.86394464 0.80000001
0.90356017 0.86157633 0.80000001
0.89957709 0.85920801 0.80000001
0.89559401 0.85683969 0.80000001
0.89161093 0.85447137 0.80000001
0.88762784 0.85210305 0.80000001
0.88364476 0.84973473 0.80000001
0.87966168 0.84736641 0.80000001
0.87567859 0.84499809 0.80000001
0.87169551 0.84262977 0.80000001
0.86771243 0.84026145 0.80000001
0.86372934 0.83789313 0.80000001
0.85974626 0.83552481 0.80000001
0.85576318 0.83315649 0.80000001
0.85178009 0.83078817 0.80000001
0.84779701 0.82841985 0.80000001
0.84381393 0.82605153 0.80000001
0.83983084 0.82368321 0.80000001
0.83584776 0.82131489 0.80000001
0.83186468 0.81894657 0.80000001
0.82788159 0.81657825 0.80000001
0.82389851 0.81420993 0.80000001
0.81991543 0.81184161 0.80000001
0.81593234 0.80947329 0.80000001
0.81194926 0.80710497 0.80000001
0.80796618 0.80473665 0.80000001
0.80398310 0.80236833 0.80000001
0.80000001 0.80000001 0.80000001
