0.98431373 0.70588237 0.68235296
0.97545560 0.70895811 0.68887353
0.96659746 0.71203385 0.69539410
0.95773933 0.71510959 0.70191467
0.94888120 0.71818533 0.70843523
0.94002307 0.72126107 0.71495580
0.93116494 0.72433681 0.72147637
0.92230681 0.72741255 0.72799694
0.91344868 0.73048829 0.73451751
0.90459055 0.73356403 0.74103808
0.89573242 0.73663977 0.74755865
0.88687429 0.73971551 0.75407921
0.87801615 0.74279125 0.76059978
0.86915802 0.74586699 0.76712035
0.86029989 0.74894273 0.77364092
0.85144176 0.75201847 0.78016149
0.84258363 0.75509421 0.78668206
0.83372550 0.75816995 0.79320263
0.82486737 0.76124569 0.79972320
0.81600924 0.76432143 0.80624376
0.80715111 0.76739717 0.81276433
0.79829298 0.77047291 0.81928490
0.78943485 0.77354865 0.82580547
0.78057671 0.77662439 0.83232604
0.77171858 0.77970013 0.83884661
0.76286045 0.78277587 0.84536718
0.75400232 0.78585161 0.85188774
0.74514419 0.78892735 0.85840831
0.73628606 0.79200309 0.86492888
0.72742793 0.79507883 0.87144945
0.71856980 0.79815457 0.87797002
0.70971167 0.80123031 0.88449059
0.70234527 0.80438294 0.88973472
0.70542101 0.80807383 0.88604384
0.70849675 0.81176472 0.88235295
0.71157249 0.81545561 0.87866206
0.71464823 0.81914649 0.87497117
0.71772397 0.82283738 0.87128028
0.72079971 0.82652827 0.86758940
0.72387545 0.83021916 0.86389851
0.72695119 0.83391004 0.86020762
0.73002693 0.83760093 0.85651673
0.73310267 0.84129182 0.85282584
0.73617841 0.84498271 0.84913496
0.73925415 0.84867360 0.84544407
0.74232989 0.85236448 0.84175318
0.74540563 0.85605537 0.83806229
0.74848137 0.85974626 0.83437141
0.75155711 0.86343715 0.83068052
0.75463285 0.86712804 0.82698963
0.75770859 0.87081892 0.82329874
0.76078433 0.87450981 0.81960785
0.76386007 0.87820070 0.81591697
0.76693581 0.88189159 0.81222608
0.77001155 0.88558248 0.80853519
0.77308729 0.88927336 0.80484430
0.77616303 0.89296425 0.80115341
0.77923877 0.89665514 0.79746253
0.78231451 0.90034603 0.79377164
0.78539025 0.90403691 0.79008075
0.78846599 0.90772780 0.78638986
0.79154173 0.91141869 0.78269897
0.79461747 0.91510958 0.77900809
0.79769321 0.91880047 0.77531720
0.80055365 0.92058440 0.77350251
0.80276818 0.91664745 0.77731643
0.80498271 0.91271050 0.78113035
0.80719724 0.90877355 0.78494427
0.80941178 0.90483661 0.78875818
0.81162631 0.90089966 0.79257210
0.81384084 0.89696271 0.79638602
0.81605537 0.89302577 0.80019994
0.81826991 0.88908882 0.80401385
0.82048444 0.88515187 0.80782777
0.82269897 0.88121492 0.81164169
0.82491351 0.87727798 0.81545561
0.82712804 0.87334103 0.81926952
0.82934257 0.86940408 0.82308344
0.83155710 0.86546714 0.82689736
0.83377164 0.86153019 0.83071127
0.83598617 0.85759324 0.83452519
0.83820070 0.85365629 0.83833911
0.84041523 0.84971935 0.84215303
0.84262977 0.84578240 0.84596694
0.84484430 0.84184545 0.84978086
0.84705883 0.83790851 0.85359478
0.84927337 0.83397156 0.85740870
0.85148790 0.83003461 0.86122261
0.85370243 0.82609767 0.86503653
0.85591696 0.82216072 0.86885045
0.85813150 0.81822377 0.87266437
0.86034603 0.81428682 0.87647828
0.86256056 0.81034988 0.88029220
0.86477509 0.80641293 0.88410612
0.86698963 0.80247598 0.88792004
0.86920416 0.79853904 0.89173395
0.87206460 0.79672435 0.89125722
0.87600155 0.79844676 0.88362938
0.87993849 0.80016918 0.87600155
0.88387544 0.80189159 0.86837371
0.88781239 0.80361401 0.86074588
0.89174933 0.80533642 0.85311804
0.89568628 0.80705884 0.84549021
0.89962323 0.80878125 0.83786237
0.90356017 0.81050366 0.83023454
0.90749712 0.81222608 0.82260670
0.91143407 0.81394849 0.81497887
0.91537102 0.81567091 0.80735103
0.91930796 0.81739332 0.79972320
0.92324491 0.81911574 0.79209536
0.92718186 0.82083815 0.78446753
0.93111880 0.82256056 0.77683969
0.93505575 0.82428298 0.76921186
0.93899270 0.82600539 0.76158402
0.94292965 0.82772781 0.75395619
0.94686659 0.82945022 0.74632835
0.95080354 0.83117264 0.73870052
0.95474049 0.83289505 0.73107268
0.95867743 0.83461746 0.72344485
0.96261438 0.83633988 0.71581701
0.96655133 0.83806229 0.70818918
0.97048828 0.83978471 0.70056134
0.97442522 0.84150712 0.69293351
0.97836217 0.84322954 0.68530567
0.98229912 0.84495195 0.67767784
0.98623606 0.84667437 0.67005000
0.99017301 0.84839678 0.66242217
0.99410996 0.85011919 0.65479433
0.99613995 0.85331796 0.65331798
0.99626298 0.85799309 0.65799310
0.99638601 0.86266821 0.66266822
0.99650904 0.86734334 0.66734335
0.99663206 0.87201846 0.67201847
0.99675509 0.87669359 0.67669360
0.99687812 0.88136871 0.68136872
0.99700115 0.88604384 0.68604385
0.99712418 0.89071896 0.69071897
0.99724721 0.89539409 0.69539410
0.99737024 0.90006921 0.70006922
0.99749327 0.90474433 0.70474435
0.99761630 0.90941946 0.70941947
0.99773933 0.91409458 0.71409460
0.99786236 0.91876971 0.71876972
0.99798539 0.92344483 0.72344485
0.99810842 0.92811996 0.72811997
0.99823145 0.93279508 0.73279509
0.99835448 0.93747021 0.73747022
0.99847751 0.94214533 0.74214534
0.99860054 0.94682046 0.74682047
0.99872357 0.95149558 0.75149559
0.99884660 0.95617071 0.75617072
0.99896963 0.96084583 0.76084584
0.99909266 0.96552096 0.76552097
0.99921569 0.97019608 0.77019609
0.99933872 0.97487120 0.77487122
0.99946175 0.97954633 0.77954634
0.99958478 0.98422145 0.78422147
0.99970780 0.98889658 0.78889659
0.99983083 0.99357170 0.79357172
0.99995386 0.99824683 0.79824684
0.99800077 0.99700115 0.79884661
0.99480200 0.99220300 0.79700117
0.99160323 0.98740485 0.79515572
0.98840446 0.98260669 0.79331028
0.98520569 0.97780854 0.79146483
0.98200692 0.97301038 0.78961939
0.97880815 0.96821223 0.78777395
0.97560938 0.96341407 0.78592850
0.97241061 0.95861592 0.78408306
0.96921184 0.95381777 0.78223761
0.96601307 0.94901961 0.78039217
0.96281430 0.94422146 0.77854673
0.95961553 0.93942330 0.77670128
0.95641677 0.93462515 0.77485584
0.95321800 0.92982699 0.77301039
0.95001923 0.92502884 0.77116495
0.94682046 0.92023069 0.76931951
0.94362169 0.91543253 0.76747406
0.94042292 0.91063438 0.76562862
0.93722415 0.90583622 0.76378317
0.93402538 0.90103807 0.76193773
0.93082661 0.89623991 0.76009229
0.92762784 0.89144176 0.75824684
0.92442907 0.88664361 0.75640140
0.92123030 0.88184545 0.75455595
0.91803153 0.87704730 0.75271051
0.91483276 0.87224914 0.75086507
0.91163399 0.86745099 0.74901962
0.90843522 0.86265283 0.74717418
0.90523645 0.85785468 0.74532873
0.90203768 0.85305653 0.74348329
0.89883891 0.84825837 0.74163785
0.90025375 0.84724338 0.74551328
0.90320646 0.84748944 0.75129567
0.90615918 0.84773550 0.75707806
0.90911189 0.84798155 0.76286045
0.91206460 0.84822761 0.76864284
0.91501731 0.84847367 0.77442523
0.91797002 0.84871973 0.78020763
0.92092273 0.84896579 0.78599002
0.92387544 0.84921185 0.79177241
0.92682815 0.84945791 0.79755480
0.92978086 0.84970397 0.80333719
0.93273357 0.84995003 0.80911958
0.93568628 0.85019609 0.81490197
0.93863899 0.85044215 0.82068436
0.94159170 0.85068821 0.82646675
0.94454441 0.85093426 0.83224914
0.94749712 0.85118032 0.83803154
0.95044983 0.85142638 0.84381393
0.95340254 0.85167244 0.84959632
0.95635525 0.85191850 0.85537871
0.95930796 0.85216456 0.86116110
0.96226067 0.85241062 0.86694349
0.96521338 0.85265668 0.87272588
0.96816609 0.85290274 0.87850827
0.97111880 0.85314880 0.88429066
0.97407151 0.85339486 0.89007306
0.97702422 0.85364092 0.89585545
0.97997693 0.85388698 0.90163784
0.98292964 0.85413303 0.90742023
0.98588235 0.85437909 0.91320262
0.98883506 0.85462515 0.91898501
0.99178777 0.85487121 0.92476740
0.99097270 0.85748559 0.92613611
0.98961938 0.86043830 0.92687428
0.98826605 0.86339101 0.92761246
0.98691273 0.86634372 0.92835064
0.98555940 0.86929643 0.92908882
0.98420608 0.87224914 0.92982699
0.98285275 0.87520185 0.93056517
0.98149942 0.87815456 0.93130335
0.98014610 0.88110727 0.93204153
0.97879277 0.88405998 0.93277970
0.97743945 0.88701269 0.93351788
0.97608612 0.88996540 0.93425606
0.97473280 0.89291811 0.93499424
0.97337947 0.89587083 0.93573241
0.97202615 0.89882354 0.93647059
0.97067282 0.90177625 0.93720877
0.96931949 0.90472896 0.93794695
0.96796617 0.90768167 0.93868512
0.96661284 0.91063438 0.93942330
0.96525952 0.91358709 0.94016148
0.96390619 0.91653980 0.94089966
0.96255287 0.91949251 0.94163784
0.96119954 0.92244522 0.94237601
0.95984622 0.92539793 0.94311419
0.95849289 0.92835064 0.94385237
0.95713956 0.93130335 0.94459055
0.95578624 0.93425606 0.94532872
0.95443291 0.93720877 0.94606690
0.95307959 0.94016148 0.94680508
0.95172626 0.94311419 0.94754326
0.95037294 0.94606690 0.94828143
0.94901961 0.94901961 0.94901961
