0.11780000 0.00000000 0.00000000
0.13708469 0.02541472 0.02541472
0.15636938 0.05082944 0.05082944
0.17565407 0.07624416 0.07624416
0.19493876 0.10165888 0.10165888
0.20875213 0.11289493 0.11289493
0.22229195 0.12342212 0.12342212
0.23583178 0.13394931 0.13394931
0.24937160 0.14447650 0.14447650
0.26067678 0.15278737 0.15278737
0.27174676 0.16086496 0.16086496
0.28281673 0.16894256 0.16894256
0.29388671 0.17702016 0.17702016
0.30369645 0.18401117 0.18401117
0.31329618 0.19082111 0.19082111
0.32289591 0.19763104 0.19763104
0.33249564 0.20444098 0.20444098
0.34128175 0.21059490 0.21059490
0.34987644 0.21659448 0.21659448
0.35847113 0.22259407 0.22259407
0.36706582 0.22859365 0.22859365
0.37509428 0.23415463 0.23415463
0.38294582 0.23957857 0.23957857
0.39079736 0.24500250 0.24500250
0.39864889 0.25042644 0.25042644
0.40608730 0.25553907 0.25553907
0.41336047 0.26052719 0.26052719
0.42063364 0.26551531 0.26551531
0.42790682 0.27050343 0.27050343
0.43486901 0.27526112 0.27526112
0.44167573 0.27990361 0.27990361
0.44848246 0.28454610 0.28454610
0.45528918 0.28918858 0.28918858
0.46185639 0.29365656 0.29365656
0.46827622 0.29801715 0.29801715
0.47469605 0.30237774 0.30237774
0.48111588 0.30673833 0.30673833
0.48734835 0.31096381 0.31096381
0.49344034 0.31508797 0.31508797
0.49953232 0.31921213 0.31921213
0.50562430 0.32333628 0.32333628
0.51156861 0.32735496 0.32735496
0.51737870 0.33127776 0.33127776
0.52318879 0.33520057 0.33520057
0.52899888 0.33912337 0.33912337
0.53469178 0.34296287 0.34296287
0.54025580 0.34671076 0.34671076
0.54581981 0.35045865 0.35045865
0.55138383 0.35420653 0.35420653
0.55685466 0.35788887 0.35788887
0.56220127 0.36148383 0.36148383
0.56754787 0.36507878 0.36507878
0.57289448 0.36867374 0.36867374
0.57816728 0.37221692 0.37221692
0.58332020 0.37567600 0.37567600
0.58847311 0.37913507 0.37913507
0.59362602 0.38259415 0.38259415
0.59872086 0.38601278 0.38601278
0.60369959 0.38935055 0.38935055
0.60867833 0.39268831 0.39268831
0.61365706 0.39602608 0.39602608
0.61859089 0.39933250 0.39933250
0.62341250 0.40256058 0.40256058
0.62823410 0.40578865 0.40578865
0.63305571 0.40901672 0.40901672
0.63784307 0.41222109 0.41222109
0.64252089 0.41534959 0.41534959
0.64719870 0.41847810 0.41847810
0.65187652 0.42160661 0.42160661
0.65652934 0.42471789 0.42471789
0.66107597 0.42775598 0.42775598
0.66562259 0.43079406 0.43079406
0.67016922 0.43383215 0.43383215
0.67469858 0.43685830 0.43685830
0.67912440 0.43981288 0.43981288
0.68355021 0.44276746 0.44276746
0.68797603 0.44572204 0.44572204
0.69239118 0.44866932 0.44866932
0.69670508 0.45154731 0.45154731
0.70101898 0.45442530 0.45442530
0.70533287 0.45730329 0.45730329
0.70964184 0.46017789 0.46017789
0.71385222 0.46298472 0.46298472
0.71806260 0.46579156 0.46579156
0.72227298 0.46859840 0.46859840
0.72648335 0.47140523 0.47140523
0.73059713 0.47414586 0.47414586
0.73471091 0.47688649 0.47688649
0.73882469 0.47962711 0.47962711
0.74293847 0.48236774 0.48236774
0.74696660 0.48504977 0.48504977
0.75099045 0.48772888 0.48772888
0.75501430 0.49040799 0.49040799
0.75903815 0.49308710 0.49308710
0.76097134 0.49875354 0.49571412
0.76268469 0.50473410 0.49833566
0.76439805 0.51071466 0.50095720
0.76611140 0.51669522 0.50357875
0.76781163 0.52244662 0.50615370
0.76950966 0.52815986 0.50872089
0.77120770 0.53387310 0.51128808
0.77290574 0.53958634 0.51385527
0.77459177 0.54510956 0.51638166
0.77627499 0.55058809 0.51889845
0.77795820 0.55606663 0.52141524
0.77964141 0.56154516 0.52393203
0.78131352 0.56686537 0.52641192
0.78298216 0.57213613 0.52888029
0.78465079 0.57740689 0.53134865
0.78631943 0.58267765 0.53381702
0.78797783 0.58781568 0.53625327
0.78963214 0.59290065 0.53867667
0.79128644 0.59798562 0.54110007
0.79294075 0.60307059 0.54352347
0.79458583 0.60804387 0.54591821
0.79622631 0.61296133 0.54829863
0.79786678 0.61787879 0.55067904
0.79950725 0.62279626 0.55305945
0.80113946 0.62761964 0.55541463
0.80276659 0.63238517 0.55775428
0.80439372 0.63715069 0.56009393
0.80602086 0.64191621 0.56243358
0.80764036 0.64660266 0.56475120
0.80925415 0.65122983 0.56705231
0.81086794 0.65585700 0.56935341
0.81248173 0.66048417 0.57165452
0.81408874 0.66504439 0.57393614
0.81568958 0.66954380 0.57620005
0.81729042 0.67404320 0.57846395
0.81889126 0.67854261 0.58072786
0.82048627 0.68298628 0.58297525
0.82207486 0.68736861 0.58520446
0.82366345 0.69175094 0.58743368
0.82525204 0.69613328 0.58966289
0.82683523 0.70046914 0.59187771
0.82841122 0.70474302 0.59407332
0.82998721 0.70901689 0.59626894
0.83156320 0.71329077 0.59846455
0.83313468 0.71752625 0.60064794
0.83469881 0.72169933 0.60281143
0.83626294 0.72587240 0.60497493
0.83782707 0.73004548 0.60713842
0.83938733 0.73418719 0.60929163
0.84093985 0.73826613 0.61142424
0.84249237 0.74234508 0.61355686
0.84404489 0.74642402 0.61568947
0.84559416 0.75047792 0.61781376
0.84713532 0.75446916 0.61991722
0.84867647 0.75846040 0.62202068
0.85021762 0.76245164 0.62412414
0.85175607 0.76642318 0.62622084
0.85328586 0.77033165 0.62829589
0.85481565 0.77424013 0.63037094
0.85634544 0.77814860 0.63244599
0.85787312 0.78204231 0.63451591
0.85939179 0.78587321 0.63656403
0.86091046 0.78970410 0.63861215
0.86242913 0.79353500 0.64066027
0.86394629 0.79735546 0.64270465
0.86545434 0.80111323 0.64472658
0.86696239 0.80487100 0.64674851
0.86847043 0.80862876 0.64877045
0.86997750 0.81237997 0.65078998
0.87147517 0.81606881 0.65278671
0.87297284 0.81975765 0.65478344
0.87447051 0.82344649 0.65678017
0.87596769 0.82713221 0.65877577
0.87745499 0.83075533 0.66074853
0.87894228 0.83437845 0.66272130
0.88042958 0.83800157 0.66469407
0.88191687 0.84162469 0.66666683
0.88339404 0.84518605 0.66861588
0.88487121 0.84874741 0.67056493
0.88634837 0.85230877 0.67251398
0.88782554 0.85587012 0.67446303
0.88929329 0.85937525 0.67639090
0.89076058 0.86287756 0.67831772
0.89222786 0.86637987 0.68024453
0.89369515 0.86988218 0.68217135
0.89515371 0.87333353 0.68407849
0.89661136 0.87677951 0.68598356
0.89806901 0.88022549 0.68788864
0.89952666 0.88367147 0.68979371
0.90097626 0.88707171 0.69168057
0.90242452 0.89046432 0.69356440
0.90387278 0.89385694 0.69544822
0.90532104 0.89724955 0.69733205
0.90676170 0.90060077 0.69919947
0.90820057 0.90394225 0.70106304
0.90963945 0.90728372 0.70292661
0.91107832 0.91062519 0.70479017
0.91251023 0.91251023 0.70936203
0.91393996 0.91393996 0.71478053
0.91536969 0.91536969 0.72019903
0.91679942 0.91679942 0.72561753
0.91822262 0.91822262 0.73092257
0.91964321 0.91964321 0.73618221
0.92106380 0.92106380 0.74144185
0.92248439 0.92248439 0.74670149
0.92389922 0.92389922 0.75186429
0.92531116 0.92531116 0.75697866
0.92672310 0.92672310 0.76209303
0.92813504 0.92813504 0.76720740
0.92954163 0.92954163 0.77223873
0.93094493 0.93094493 0.77721895
0.93234822 0.93234822 0.78219916
0.93375152 0.93375152 0.78717938
0.93515002 0.93515002 0.79208859
0.93654491 0.93654491 0.79694454
0.93793981 0.93793981 0.80180048
0.93933470 0.93933470 0.80665643
0.94072520 0.94072520 0.81145220
0.94211169 0.94211169 0.81619327
0.94349819 0.94349819 0.82093433
0.94488468 0.94488468 0.82567539
0.94626730 0.94626730 0.83036517
0.94764564 0.94764564 0.83499851
0.94902398 0.94902398 0.83963186
0.95040233 0.95040233 0.84426521
0.95177717 0.95177717 0.84885557
0.95314736 0.95314736 0.85338861
0.95451755 0.95451755 0.85792165
0.95588774 0.95588774 0.86245469
0.95725492 0.95725492 0.86695196
0.95861720 0.95861720 0.87139112
0.95997949 0.95997949 0.87583028
0.96134177 0.96134177 0.88026944
0.96270150 0.96270150 0.88467895
0.96405613 0.96405613 0.88902916
0.96541075 0.96541075 0.89337938
0.96676538 0.96676538 0.89772960
0.96811781 0.96811781 0.90205610
0.96946478 0.96946478 0.90632330
0.97081175 0.97081175 0.91059051
0.97215871 0.97215871 0.91485771
0.97350391 0.97350391 0.91910609
0.97484347 0.97484347 0.92329424
0.97618302 0.97618302 0.92748238
0.97752258 0.97752258 0.93167053
0.97886072 0.97886072 0.93584446
0.98019286 0.98019286 0.93995800
0.98152500 0.98152500 0.94407153
0.98285715 0.98285715 0.94818506
0.98418823 0.98418823 0.95228850
0.98551296 0.98551296 0.95633138
0.98683769 0.98683769 0.96037425
0.98816242 0.98816242 0.96441713
0.98948650 0.98948650 0.96845360
0.99080431 0.99080431 0.97242928
0.99212212 0.99212212 0.97640495
0.99343993 0.99343993 0.98038063
0.99475741 0.99475741 0.98435325
0.99606805 0.99606805 0.98826494
0.99737870 0.99737870 0.99217663
0.99868935 0.99868935 0.99608831
1.00000000 1.00000000 1.00000000
