1.00000000 0.00000000 0.00000000
1.00000000 0.12352954 0.00000000
1.00000000 0.24705907 0.00000000
1.00000000 0.37058861 0.00000000
1.00000000 0.49411814 0.00000000
1.00000000 0.61764768 0.00000000
1.00000000 0.74117721 0.00000000
1.00000000 0.86470675 0.00000000
1.00000000 0.98823628 0.00000000
0.77646836 1.00000000 0.00000000
0.52940929 1.00000000 0.00000000
0.28235022 1.00000000 0.00000000
0.03529115 1.00000000 0.00000000
0.00000000 0.78823208 0.21176792
0.00000000 0.54117301 0.45882699
0.00000000 0.29411394 0.70588606
0.00000000 0.04705487 0.95294513
0.13333620 0.00000000 1.00000000
0.29804233 0.00000000 1.00000000
0.46274846 0.00000000 1.00000000
0.62745459 0.00000000 1.00000000
0.72941376 0.00000000 0.81175952
0.81176671 0.00000000 0.56470045
0.89411965 0.00000000 0.31764138
0.97647259 0.00000000 0.07058231
1.00000000 0.08823838 0.00000000
1.00000000 0.21176792 0.00000000
1.00000000 0.33529745 0.00000000
1.00000000 0.45882699 0.00000000
1.00000000 0.58235652 0.00000000
1.00000000 0.70588606 0.00000000
1.00000000 0.82941559 0.00000000
1.00000000 0.95294513 0.00000000
0.84705067 1.00000000 0.00000000
0.59999160 1.00000000 0.00000000
0.35293253 1.00000000 0.00000000
0.10587346 1.00000000 0.00000000
0.00000000 0.85881439 0.14118561
0.00000000 0.61175532 0.38824468
0.00000000 0.36469625 0.63530375
0.00000000 0.11763718 0.88236282
0.08628131 0.00000000 1.00000000
0.25098744 0.00000000 1.00000000
0.41569356 0.00000000 1.00000000
0.58039969 0.00000000 1.00000000
0.70588635 0.00000000 0.88234182
0.78823929 0.00000000 0.63528275
0.87059224 0.00000000 0.38822368
0.95294518 0.00000000 0.14116461
1.00000000 0.05294723 0.00000000
1.00000000 0.17647676 0.00000000
1.00000000 0.30000630 0.00000000
1.00000000 0.42353584 0.00000000
1.00000000 0.54706537 0.00000000
1.00000000 0.67059491 0.00000000
1.00000000 0.79412444 0.00000000
1.00000000 0.91765398 0.00000000
0.91763298 1.00000000 0.00000000
0.67057391 1.00000000 0.00000000
0.42351484 1.00000000 0.00000000
0.17645576 1.00000000 0.00000000
0.00000000 0.92939669 0.07060331
0.00000000 0.68233762 0.31766238
0.00000000 0.43527855 0.56472145
0.00000000 0.18821948 0.81178052
0.03922641 0.00000000 1.00000000
0.20393254 0.00000000 1.00000000
0.36863867 0.00000000 1.00000000
0.53334480 0.00000000 1.00000000
0.68235894 0.00000000 0.95292413
0.76471188 0.00000000 0.70586506
0.84706482 0.00000000 0.45880599
0.92941776 0.00000000 0.21174692
1.00000000 0.01765608 0.00000000
1.00000000 0.14118561 0.00000000
1.00000000 0.26471515 0.00000000
1.00000000 0.38824468 0.00000000
1.00000000 0.51177422 0.00000000
1.00000000 0.63530375 0.00000000
1.00000000 0.75883329 0.00000000
1.00000000 0.88236282 0.00000000
0.98821528 1.00000000 0.00000000
0.74115621 1.00000000 0.00000000
0.49409714 1.00000000 0.00000000
0.24703807 1.00000000 0.00000000
0.00000000 0.99997900 0.00002100
0.00000000 0.75291993 0.24708007
0.00000000 0.50586086 0.49413914
0.00000000 0.25880179 0.74119821
0.00000000 0.01174272 0.98825728
0.15687765 0.00000000 1.00000000
0.32158378 0.00000000 1.00000000
0.48628991 0.00000000 1.00000000
0.65099604 0.00000000 1.00000000
0.74118447 0.00000000 0.77644736
0.82353741 0.00000000 0.52938829
0.90589035 0.00000000 0.28232922
0.98824329 0.00000000 0.03527015
1.00000000 0.10589446 0.00000000
1.00000000 0.22942399 0.00000000
1.00000000 0.35295353 0.00000000
1.00000000 0.47648306 0.00000000
1.00000000 0.60001260 0.00000000
1.00000000 0.72354214 0.00000000
1.00000000 0.84707167 0.00000000
1.00000000 0.97060121 0.00000000
0.81173852 1.00000000 0.00000000
0.56467945 1.00000000 0.00000000
0.31762038 1.00000000 0.00000000
0.07056131 1.00000000 0.00000000
0.00000000 0.82350224 0.17649776
0.00000000 0.57644316 0.42355684
0.00000000 0.32938409 0.67061591
0.00000000 0.08232502 0.91767498
0.10982275 0.00000000 1.00000000
0.27452888 0.00000000 1.00000000
0.43923501 0.00000000 1.00000000
0.60394114 0.00000000 1.00000000
0.71765706 0.00000000 0.84702967
0.80001000 0.00000000 0.59997060
0.88236294 0.00000000 0.35291153
0.96471588 0.00000000 0.10585246
1.00000000 0.07060108 0.00000000
1.00000000 0.19412673 0.00000000
1.00000000 0.31765237 0.00000000
1.00000000 0.44117801 0.00000000
1.00000000 0.56470366 0.00000000
1.00000000 0.68822930 0.00000000
1.00000000 0.81175495 0.00000000
1.00000000 0.93528059 0.00000000
0.88238382 1.00000000 0.00000000
0.63532475 1.00000000 0.00000000
0.38826568 1.00000000 0.00000000
0.14120661 1.00000000 0.00000000
0.00000000 0.89414754 0.10585246
0.00000000 0.64708847 0.35291153
0.00000000 0.40002940 0.59997060
0.00000000 0.15297033 0.84702967
0.06272586 0.00000000 1.00000000
0.22743199 0.00000000 1.00000000
0.39213812 0.00000000 1.00000000
0.55684425 0.00000000 1.00000000
0.69410865 0.00000000 0.91767498
0.77646159 0.00000000 0.67061591
0.85881453 0.00000000 0.42355684
0.94116747 0.00000000 0.17649776
1.00000000 0.03528065 0.00000000
1.00000000 0.15881019 0.00000000
1.00000000 0.28233972 0.00000000
1.00000000 0.40586926 0.00000000
1.00000000 0.52939879 0.00000000
1.00000000 0.65292833 0.00000000
1.00000000 0.77645786 0.00000000
1.00000000 0.89998740 0.00000000
0.95296613 1.00000000 0.00000000
0.70590706 1.00000000 0.00000000
0.45884799 1.00000000 0.00000000
0.21178892 1.00000000 0.00000000
0.00000000 0.96472985 0.03527015
0.00000000 0.71767078 0.28232922
0.00000000 0.47061171 0.52938829
0.00000000 0.22355264 0.77644736
0.01567096 0.00000000 1.00000000
0.18037709 0.00000000 1.00000000
0.34508322 0.00000000 1.00000000
0.50978935 0.00000000 1.00000000
0.67058124 0.00000000 0.98825728
0.75293418 0.00000000 0.74119821
0.83528712 0.00000000 0.49413914
0.91764006 0.00000000 0.24708007
0.99999300 0.00000000 0.00002100
1.00000000 0.12351904 0.00000000
1.00000000 0.24704857 0.00000000
1.00000000 0.37057811 0.00000000
1.00000000 0.49410764 0.00000000
1.00000000 0.61763718 0.00000000
1.00000000 0.74116671 0.00000000
1.00000000 0.86469625 0.00000000
1.00000000 0.98822578 0.00000000
0.77648936 1.00000000 0.00000000
0.52943029 1.00000000 0.00000000
0.28237122 1.00000000 0.00000000
0.03531215 1.00000000 0.00000000
0.00000000 0.78825308 0.21174692
0.00000000 0.54119401 0.45880599
0.00000000 0.29413494 0.70586506
0.00000000 0.04707587 0.95292413
0.13332220 0.00000000 1.00000000
0.29802833 0.00000000 1.00000000
0.46273446 0.00000000 1.00000000
0.62744059 0.00000000 1.00000000
0.72940676 0.00000000 0.81178052
0.81175971 0.00000000 0.56472145
0.89411265 0.00000000 0.31766238
0.97646559 0.00000000 0.07060331
1.00000000 0.08822788 0.00000000
1.00000000 0.21175742 0.00000000
1.00000000 0.33528695 0.00000000
1.00000000 0.45881649 0.00000000
1.00000000 0.58234602 0.00000000
1.00000000 0.70587556 0.00000000
1.00000000 0.82940509 0.00000000
1.00000000 0.95293463 0.00000000
0.84707167 1.00000000 0.00000000
0.60001260 1.00000000 0.00000000
0.35295353 1.00000000 0.00000000
0.10589446 1.00000000 0.00000000
0.00000000 0.85883539 0.14116461
0.00000000 0.61177632 0.38822368
0.00000000 0.36471725 0.63528275
0.00000000 0.11765818 0.88234182
0.08626731 0.00000000 1.00000000
0.25097344 0.00000000 1.00000000
0.41567956 0.00000000 1.00000000
0.58038569 0.00000000 1.00000000
0.70587935 0.00000000 0.88236282
0.78823229 0.00000000 0.63530375
0.87058524 0.00000000 0.38824468
0.95293818 0.00000000 0.14118561
1.00000000 0.05293673 0.00000000
1.00000000 0.17646626 0.00000000
1.00000000 0.29999580 0.00000000
1.00000000 0.42352534 0.00000000
1.00000000 0.54705487 0.00000000
1.00000000 0.67058441 0.00000000
1.00000000 0.79411394 0.00000000
1.00000000 0.91764348 0.00000000
0.91765398 1.00000000 0.00000000
0.67059491 1.00000000 0.00000000
0.42353584 1.00000000 0.00000000
0.17647676 1.00000000 0.00000000
0.00000000 0.92941769 0.07058231
0.00000000 0.68235862 0.31764138
0.00000000 0.43529955 0.56470045
0.00000000 0.18824048 0.81175952
0.03921241 0.00000000 1.00000000
0.20391854 0.00000000 1.00000000
0.36862467 0.00000000 1.00000000
0.53333080 0.00000000 1.00000000
0.68235194 0.00000000 0.95294513
0.76470488 0.00000000 0.70588606
0.84705782 0.00000000 0.45882699
0.92941076 0.00000000 0.21176792
1.00000000 0.01764558 0.00000000
1.00000000 0.14117511 0.00000000
1.00000000 0.26470465 0.00000000
1.00000000 0.38823418 0.00000000
1.00000000 0.51176372 0.00000000
1.00000000 0.63529325 0.00000000
1.00000000 0.75882279 0.00000000
1.00000000 0.88235232 0.00000000
0.98823628 1.00000000 0.00000000
0.74117721 1.00000000 0.00000000
0.49411814 1.00000000 0.00000000
0.24705907 1.00000000 0.00000000
0.00000000 1.00000000 0.00000000
