1.00000000 0.96862745 0.98431373
0.99766244 0.96665898 0.98320646
0.99532488 0.96469051 0.98209919
0.99298731 0.96272203 0.98099193
0.99064975 0.96075356 0.97988466
0.98831219 0.95878509 0.97877739
0.98597463 0.95681661 0.97767013
0.98363706 0.95484814 0.97656286
0.98129950 0.95287966 0.97545560
0.97896194 0.95091119 0.97434833
0.97662438 0.94894272 0.97324106
0.97428681 0.94697424 0.97213380
0.97194925 0.94500577 0.97102653
0.96961169 0.94303730 0.96991926
0.96727413 0.94106882 0.96881200
0.96493656 0.93910035 0.96770473
0.96259900 0.93713188 0.96659746
0.96026144 0.93516340 0.96549020
0.95792388 0.93319493 0.96438293
0.95558632 0.93122646 0.96327567
0.95324875 0.92925798 0.96216840
0.95091119 0.92728951 0.96106113
0.94857363 0.92532103 0.95995387
0.94623607 0.92335256 0.95884660
0.94389850 0.92138409 0.95773933
0.94156094 0.91941561 0.95663207
0.93922338 0.91744714 0.95552480
0.93688582 0.91547867 0.95441753
0.93454825 0.91351019 0.95331027
0.93221069 0.91154172 0.95220300
0.92987313 0.90957325 0.95109574
0.92753557 0.90760477 0.94998847
0.92505960 0.90554403 0.94883507
0.92161477 0.90283738 0.94735871
0.91816994 0.90013072 0.94588236
0.91472511 0.89742407 0.94440600
0.91128028 0.89471742 0.94292965
0.90783545 0.89201077 0.94145329
0.90439062 0.88930412 0.93997694
0.90094580 0.88659747 0.93850058
0.89750097 0.88389082 0.93702423
0.89405614 0.88118417 0.93554787
0.89061131 0.87847752 0.93407151
0.88716648 0.87577086 0.93259516
0.88372165 0.87306421 0.93111880
0.88027682 0.87035756 0.92964245
0.87683200 0.86765091 0.92816609
0.87338717 0.86494426 0.92668974
0.86994234 0.86223761 0.92521338
0.86649751 0.85953096 0.92373703
0.86305268 0.85682431 0.92226067
0.85960785 0.85411766 0.92078432
0.85616302 0.85141100 0.91930796
0.85271819 0.84870435 0.91783161
0.84927337 0.84599770 0.91635525
0.84582854 0.84329105 0.91487890
0.84238371 0.84058440 0.91340254
0.83893888 0.83787775 0.91192619
0.83549405 0.83517110 0.91044983
0.83204922 0.83246445 0.90897348
0.82860439 0.82975780 0.90749712
0.82515956 0.82705114 0.90602077
0.82171474 0.82434449 0.90454441
0.81826991 0.82163784 0.90306806
0.81439447 0.81899271 0.90162246
0.80922723 0.81653211 0.90026913
0.80405999 0.81407152 0.89891581
0.79889275 0.81161093 0.89756248
0.79372550 0.80915034 0.89620916
0.78855826 0.80668975 0.89485583
0.78339102 0.80422915 0.89350251
0.77822377 0.80176856 0.89214918
0.77305653 0.79930797 0.89079585
0.76788929 0.79684738 0.88944253
0.76272204 0.79438679 0.88808920
0.75755480 0.79192619 0.88673588
0.75238756 0.78946560 0.88538255
0.74722031 0.78700501 0.88402923
0.74205307 0.78454442 0.88267590
0.73688583 0.78208383 0.88132258
0.73171859 0.77962323 0.87996925
0.72655134 0.77716264 0.87861592
0.72138410 0.77470205 0.87726260
0.71621686 0.77224146 0.87590927
0.71104961 0.76978087 0.87455595
0.70588237 0.76732028 0.87320262
0.70071513 0.76485968 0.87184930
0.69554788 0.76239909 0.87049597
0.69038064 0.75993850 0.86914265
0.68521340 0.75747791 0.86778932
0.68004616 0.75501732 0.86643599
0.67487891 0.75255672 0.86508267
0.66971167 0.75009613 0.86372934
0.66454443 0.74763554 0.86237602
0.65937718 0.74517495 0.86102269
0.65420994 0.74271436 0.85966937
0.64867361 0.74025376 0.85826990
0.64252213 0.73779317 0.85679355
0.63637065 0.73533258 0.85531719
0.63021917 0.73287199 0.85384084
0.62406768 0.73041140 0.85236448
0.61791620 0.72795080 0.85088813
0.61176472 0.72549021 0.84941177
0.60561324 0.72302962 0.84793542
0.59946176 0.72056903 0.84645906
0.59331028 0.71810844 0.84498271
0.58715880 0.71564784 0.84350635
0.58100732 0.71318725 0.84203000
0.57485584 0.71072666 0.84055364
0.56870436 0.70826607 0.83907729
0.56255288 0.70580548 0.83760093
0.55640140 0.70334489 0.83612458
0.55024992 0.70088429 0.83464822
0.54409843 0.69842370 0.83317187
0.53794695 0.69596311 0.83169551
0.53179547 0.69350252 0.83021916
0.52564399 0.69104193 0.82874280
0.51949251 0.68858133 0.82726645
0.51334103 0.68612074 0.82579009
0.50718955 0.68366015 0.82431374
0.50103807 0.68119956 0.82283738
0.49488659 0.67873897 0.82136103
0.48873511 0.67627837 0.81988467
0.48258363 0.67381778 0.81840832
0.47643215 0.67135719 0.81693196
0.47028067 0.66889660 0.81545561
0.46412918 0.66643601 0.81397925
0.45797770 0.66397541 0.81250289
0.45108805 0.66120725 0.81084200
0.44346021 0.65813151 0.80899655
0.43583237 0.65505577 0.80715111
0.42820454 0.65198003 0.80530566
0.42057670 0.64890429 0.80346022
0.41294887 0.64582855 0.80161478
0.40532103 0.64275281 0.79976933
0.39769320 0.63967707 0.79792389
0.39006536 0.63660133 0.79607844
0.38243753 0.63352559 0.79423300
0.37480969 0.63044985 0.79238756
0.36718186 0.62737411 0.79054211
0.35955402 0.62429837 0.78869667
0.35192618 0.62122263 0.78685122
0.34429835 0.61814689 0.78500578
0.33667051 0.61507115 0.78316034
0.32904268 0.61199541 0.78131489
0.32141484 0.60891967 0.77946945
0.31378701 0.60584393 0.77762400
0.30615917 0.60276819 0.77577856
0.29853134 0.59969245 0.77393312
0.29090350 0.59661671 0.77208767
0.28327567 0.59354097 0.77024223
0.27564783 0.59046523 0.76839678
0.26801999 0.58738949 0.76655134
0.26039216 0.58431375 0.76470590
0.25276432 0.58123801 0.76286045
0.24513649 0.57816227 0.76101501
0.23750865 0.57508653 0.75916956
0.22988082 0.57201079 0.75732412
0.22225298 0.56893505 0.75547868
0.21462515 0.56585931 0.75363323
0.20799693 0.56224532 0.75171090
0.20196848 0.55830837 0.74974242
0.19594003 0.55437142 0.74777395
0.18991157 0.55043447 0.74580547
0.18388312 0.54649752 0.74383700
0.17785467 0.54256058 0.74186853
0.17182622 0.53862363 0.73990005
0.16579777 0.53468668 0.73793158
0.15976932 0.53074973 0.73596311
0.15374087 0.52681278 0.73399463
0.14771242 0.52287584 0.73202616
0.14168397 0.51893889 0.73005769
0.13565552 0.51500194 0.72808921
0.12962707 0.51106499 0.72612074
0.12359862 0.50712804 0.72415227
0.11757017 0.50319110 0.72218379
0.11154172 0.49925415 0.72021532
0.10551327 0.49531720 0.71824684
0.09948481 0.49138025 0.71627837
0.09345636 0.48744330 0.71430990
0.08742791 0.48350636 0.71234142
0.08139946 0.47956941 0.71037295
0.07537101 0.47563246 0.70840448
0.06934256 0.47169551 0.70643600
0.06331411 0.46775856 0.70446753
0.05728566 0.46382162 0.70249906
0.05125721 0.45988467 0.70053058
0.04522876 0.45594772 0.69856211
0.03920031 0.45201077 0.69659364
0.03317186 0.44807382 0.69462516
0.02714341 0.44413687 0.69265669
0.02111496 0.44019993 0.69068822
0.01951557 0.43718570 0.68696657
0.01939254 0.43447905 0.68266053
0.01926951 0.43177240 0.67835450
0.01914648 0.42906575 0.67404846
0.01902345 0.42635910 0.66974243
0.01890042 0.42365245 0.66543639
0.01877739 0.42094579 0.66113035
0.01865436 0.41823914 0.65682432
0.01853133 0.41553249 0.65251828
0.01840831 0.41282584 0.64821225
0.01828528 0.41011919 0.64390621
0.01816225 0.40741254 0.63960018
0.01803922 0.40470589 0.63529414
0.01791619 0.40199924 0.63098810
0.01779316 0.39929259 0.62668207
0.01767013 0.39658593 0.62237603
0.01754710 0.39387928 0.61807000
0.01742407 0.39117263 0.61376396
0.01730104 0.38846598 0.60945792
0.01717801 0.38575933 0.60515189
0.01705498 0.38305268 0.60084585
0.01693195 0.38034603 0.59653982
0.01680892 0.37763938 0.59223378
0.01668589 0.37493273 0.58792774
0.01656286 0.37222607 0.58362171
0.01643983 0.36951942 0.57931567
0.01631680 0.36681277 0.57500964
0.01619377 0.36410612 0.57070360
0.01607074 0.36139947 0.56639757
0.01594771 0.35869282 0.56209153
0.01582468 0.35598617 0.55778549
0.01570165 0.35327952 0.55347946
0.01547097 0.34928105 0.54723570
0.01522491 0.34509805 0.54071514
0.01497886 0.34091504 0.53419457
0.01473280 0.33673203 0.52767400
0.01448674 0.33254903 0.52115343
0.01424068 0.32836602 0.51463286
0.01399462 0.32418301 0.50811229
0.01374856 0.32000001 0.50159172
0.01350250 0.31581700 0.49507115
0.01325644 0.31163399 0.48855058
0.01301038 0.30745099 0.48203001
0.01276432 0.30326798 0.47550944
0.01251826 0.29908497 0.46898887
0.01227220 0.29490197 0.46246830
0.01202614 0.29071896 0.45594773
0.01178009 0.28653595 0.44942716
0.01153403 0.28235295 0.44290659
0.01128797 0.27816994 0.43638602
0.01104191 0.27398693 0.42986545
0.01079585 0.26980393 0.42334488
0.01054979 0.26562092 0.41682431
0.01030373 0.26143791 0.41030374
0.01005767 0.25725491 0.40378317
0.00981161 0.25307190 0.39726260
0.00956555 0.24888889 0.39074204
0.00931949 0.24470589 0.38422147
0.00907343 0.24052288 0.37770090
0.00882737 0.23633987 0.37118033
0.00858132 0.23215687 0.36465976
0.00833526 0.22797386 0.35813919
0.00808920 0.22379085 0.35161862
0.00784314 0.21960784 0.34509805
