0.98823529 0.98431373 0.99215686
0.98663591 0.98259131 0.99117263
0.98503653 0.98086890 0.99018839
0.98343714 0.97914648 0.98920415
0.98183776 0.97742407 0.98821992
0.98023837 0.97570165 0.98723568
0.97863899 0.97397924 0.98625144
0.97703960 0.97225683 0.98526721
0.97544022 0.97053441 0.98428297
0.97384083 0.96881200 0.98329873
0.97224145 0.96708958 0.98231450
0.97064206 0.96536717 0.98133026
0.96904268 0.96364475 0.98034602
0.96744329 0.96192234 0.97936179
0.96584391 0.96019993 0.97837755
0.96424452 0.95847751 0.97739331
0.96264514 0.95675510 0.97640907
0.96104575 0.95503268 0.97542484
0.95944637 0.95331027 0.97444060
0.95784698 0.95158785 0.97345636
0.95624760 0.94986544 0.97247213
0.95464821 0.94814303 0.97148789
0.95304883 0.94642061 0.97050365
0.95144945 0.94469820 0.96951942
0.94985006 0.94297578 0.96853518
0.94825068 0.94125337 0.96755094
0.94665129 0.93953095 0.96656671
0.94505191 0.93780854 0.96558247
0.94345252 0.93608612 0.96459823
0.94185314 0.93436371 0.96361400
0.94025375 0.93264130 0.96262976
0.93865437 0.93091888 0.96164552
0.93693195 0.92911957 0.96063053
0.93434833 0.92678201 0.95940023
0.93176471 0.92444445 0.95816994
0.92918109 0.92210689 0.95693964
0.92659747 0.91976932 0.95570935
0.92401385 0.91743176 0.95447905
0.92143022 0.91509420 0.95324875
0.91884660 0.91275664 0.95201846
0.91626298 0.91041907 0.95078816
0.91367936 0.90808151 0.94955787
0.91109574 0.90574395 0.94832757
0.90851212 0.90340639 0.94709727
0.90592849 0.90106883 0.94586698
0.90334487 0.89873126 0.94463668
0.90076125 0.89639370 0.94340639
0.89817763 0.89405614 0.94217609
0.89559401 0.89171858 0.94094579
0.89301039 0.88938101 0.93971550
0.89042677 0.88704345 0.93848520
0.88784314 0.88470589 0.93725491
0.88525952 0.88236833 0.93602461
0.88267590 0.88003076 0.93479431
0.88009228 0.87769320 0.93356402
0.87750866 0.87535564 0.93233372
0.87492504 0.87301808 0.93110343
0.87234141 0.87068052 0.92987313
0.86975779 0.86834295 0.92864283
0.86717417 0.86600539 0.92741254
0.86459055 0.86366783 0.92618224
0.86200693 0.86133027 0.92495195
0.85942331 0.85899270 0.92372165
0.85683969 0.85665514 0.92249135
0.85397925 0.85401000 0.92110727
0.85028836 0.85044215 0.91926183
0.84659747 0.84687429 0.91741638
0.84290658 0.84330643 0.91557094
0.83921570 0.83973857 0.91372550
0.83552481 0.83617071 0.91188005
0.83183392 0.83260286 0.91003461
0.82814303 0.82903500 0.90818916
0.82445214 0.82546714 0.90634372
0.82076126 0.82189928 0.90449828
0.81707037 0.81833142 0.90265283
0.81337948 0.81476356 0.90080739
0.80968859 0.81119571 0.89896194
0.80599770 0.80762785 0.89711650
0.80230682 0.80405999 0.89527106
0.79861593 0.80049213 0.89342561
0.79492504 0.79692427 0.89158017
0.79123415 0.79335641 0.88973472
0.78754327 0.78978856 0.88788928
0.78385238 0.78622070 0.88604384
0.78016149 0.78265284 0.88419839
0.77647060 0.77908498 0.88235295
0.77277971 0.77551712 0.88050750
0.76908883 0.77194926 0.87866206
0.76539794 0.76838141 0.87681662
0.76170705 0.76481355 0.87497117
0.75801616 0.76124569 0.87312573
0.75432527 0.75767783 0.87128028
0.75063439 0.75410997 0.86943484
0.74694350 0.75054211 0.86758940
0.74325261 0.74697426 0.86574395
0.73956172 0.74340640 0.86389851
0.73587083 0.73956172 0.86182238
0.73217995 0.73525569 0.85936179
0.72848906 0.73094965 0.85690120
0.72479817 0.72664361 0.85444061
0.72110728 0.72233758 0.85198002
0.71741640 0.71803154 0.84951942
0.71372551 0.71372551 0.84705883
0.71003462 0.70941947 0.84459824
0.70634373 0.70511344 0.84213765
0.70265284 0.70080740 0.83967706
0.69896196 0.69650136 0.83721646
0.69527107 0.69219533 0.83475587
0.69158018 0.68788929 0.83229528
0.68788929 0.68358326 0.82983469
0.68419840 0.67927722 0.82737410
0.68050752 0.67497118 0.82491351
0.67681663 0.67066515 0.82245291
0.67312574 0.66635911 0.81999232
0.66943485 0.66205308 0.81753173
0.66574396 0.65774704 0.81507114
0.66205308 0.65344100 0.81261055
0.65836219 0.64913497 0.81014995
0.65467130 0.64482893 0.80768936
0.65098041 0.64052290 0.80522877
0.64728953 0.63621686 0.80276818
0.64359864 0.63191083 0.80030759
0.63990775 0.62760479 0.79784699
0.63621686 0.62329875 0.79538640
0.63252597 0.61899272 0.79292581
0.62883509 0.61468668 0.79046522
0.62514420 0.61038065 0.78800463
0.62145331 0.60607461 0.78554403
0.61776242 0.60213766 0.78345253
0.61407153 0.59856980 0.78173012
0.61038065 0.59500194 0.78000770
0.60668976 0.59143408 0.77828529
0.60299887 0.58786623 0.77656287
0.59930798 0.58429837 0.77484046
0.59561709 0.58073051 0.77311805
0.59192621 0.57716265 0.77139563
0.58823532 0.57359479 0.76967322
0.58454443 0.57002693 0.76795080
0.58085354 0.56645907 0.76622839
0.57716265 0.56289121 0.76450597
0.57347177 0.55932335 0.76278356
0.56978088 0.55575549 0.76106114
0.56608999 0.55218763 0.75933873
0.56239910 0.54861977 0.75761632
0.55870822 0.54505191 0.75589390
0.55501733 0.54148406 0.75417149
0.55132644 0.53791620 0.75244907
0.54763555 0.53434834 0.75072666
0.54394466 0.53078048 0.74900424
0.54025378 0.52721262 0.74728183
0.53656289 0.52364476 0.74555942
0.53287200 0.52007690 0.74383700
0.52918111 0.51650904 0.74211459
0.52549022 0.51294118 0.74039217
0.52179934 0.50937332 0.73866976
0.51810845 0.50580546 0.73694734
0.51441756 0.50223760 0.73522493
0.51072667 0.49866974 0.73350251
0.50703578 0.49510189 0.73178010
0.50334490 0.49153403 0.73005769
0.50026916 0.48681277 0.72764323
0.49756250 0.48139946 0.72481355
0.49485585 0.47598616 0.72198387
0.49214920 0.47057286 0.71915419
0.48944255 0.46515956 0.71632451
0.48673590 0.45974625 0.71349483
0.48402924 0.45433295 0.71066515
0.48132259 0.44891965 0.70783547
0.47861594 0.44350635 0.70500578
0.47590929 0.43809304 0.70217610
0.47320264 0.43267974 0.69934642
0.47049598 0.42726644 0.69651674
0.46778933 0.42185314 0.69368706
0.46508268 0.41643984 0.69085738
0.46237603 0.41102653 0.68802770
0.45966938 0.40561323 0.68519802
0.45696272 0.40019993 0.68236834
0.45425607 0.39478663 0.67953866
0.45154942 0.38937332 0.67670898
0.44884277 0.38396002 0.67387930
0.44613612 0.37854672 0.67104962
0.44342946 0.37313342 0.66821994
0.44072281 0.36772012 0.66539025
0.43801616 0.36230681 0.66256057
0.43530951 0.35689351 0.65973089
0.43260285 0.35148021 0.65690121
0.42989620 0.34606691 0.65407153
0.42718955 0.34065360 0.65124185
0.42448290 0.33524030 0.64841217
0.42177625 0.32982700 0.64558249
0.41906959 0.32441370 0.64275281
0.41636294 0.31900040 0.63992313
0.41365629 0.31377164 0.63737026
0.41094964 0.30860439 0.63490967
0.40824299 0.30343715 0.63244908
0.40553634 0.29826991 0.62998849
0.40282969 0.29310266 0.62752790
0.40012304 0.28793542 0.62506730
0.39741638 0.28276818 0.62260671
0.39470973 0.27760093 0.62014612
0.39200308 0.27243369 0.61768553
0.38929643 0.26726645 0.61522494
0.38658978 0.26209920 0.61276434
0.38388313 0.25693196 0.61030375
0.38117648 0.25176471 0.60784316
0.37846983 0.24659747 0.60538257
0.37576318 0.24143023 0.60292198
0.37305652 0.23626298 0.60046138
0.37034987 0.23109574 0.59800079
0.36764322 0.22592850 0.59554020
0.36493657 0.22076125 0.59307961
0.36222992 0.21559401 0.59061902
0.35952327 0.21042677 0.58815843
0.35681662 0.20525952 0.58569783
0.35410997 0.20009228 0.58323724
0.35140332 0.19492504 0.58077665
0.34869666 0.18975779 0.57831606
0.34599001 0.18459055 0.57585547
0.34328336 0.17942331 0.57339487
0.34057671 0.17425606 0.57093428
0.33787006 0.16908882 0.56847369
0.33516341 0.16392157 0.56601310
0.33245676 0.15875433 0.56355251
0.32975011 0.15358709 0.56109191
0.32715111 0.14874280 0.55884662
0.32456748 0.14394464 0.55663209
0.32198386 0.13914649 0.55441756
0.31940024 0.13434833 0.55220302
0.31681662 0.12955018 0.54998849
0.31423300 0.12475202 0.54777395
0.31164937 0.11995387 0.54555942
0.30906575 0.11515571 0.54334489
0.30648213 0.11035756 0.54113035
0.30389851 0.10555940 0.53891582
0.30131489 0.10076125 0.53670129
0.29873126 0.09596309 0.53448675
0.29614764 0.09116494 0.53227222
0.29356402 0.08636679 0.53005769
0.29098040 0.08156863 0.52784315
0.28839678 0.07677048 0.52562862
0.28581315 0.07197232 0.52341408
0.28322953 0.06717417 0.52119955
0.28064591 0.06237601 0.51898502
0.27806229 0.05757786 0.51677048
0.27547867 0.05277970 0.51455595
0.27289504 0.04798155 0.51234142
0.27031142 0.04318339 0.51012688
0.26772780 0.03838524 0.50791235
0.26514418 0.03358708 0.50569781
0.26256056 0.02878893 0.50348328
0.25997693 0.02399077 0.50126875
0.25739331 0.01919262 0.49905421
0.25480969 0.01439446 0.49683968
0.25222607 0.00959631 0.49462515
0.24964245 0.00479815 0.49241061
0.24705882 0.00000000 0.49019608
