0.40392157 0.00000000 0.12156863
0.41545560 0.00369089 0.12341407
0.42698963 0.00738178 0.12525952
0.43852365 0.01107266 0.12710496
0.45005768 0.01476355 0.12895040
0.46159170 0.01845444 0.13079585
0.47312573 0.02214533 0.13264129
0.48465976 0.02583622 0.13448674
0.49619378 0.02952711 0.13633218
0.50772781 0.03321799 0.13817763
0.51926183 0.03690888 0.14002307
0.53079586 0.04059977 0.14186851
0.54232988 0.04429066 0.14371396
0.55386391 0.04798155 0.14555940
0.56539794 0.05167243 0.14740485
0.57693196 0.05536332 0.14925029
0.58846599 0.05905421 0.15109574
0.60000001 0.06274510 0.15294118
0.61153404 0.06643599 0.15478662
0.62306807 0.07012688 0.15663207
0.63460209 0.07381776 0.15847751
0.64613612 0.07750865 0.16032296
0.65767014 0.08119954 0.16216840
0.66920417 0.08489043 0.16401385
0.68073819 0.08858132 0.16585929
0.69227222 0.09227220 0.16770473
0.70080740 0.09965398 0.17124184
0.70634373 0.11072665 0.17647059
0.71188006 0.12179931 0.18169935
0.71741640 0.13287197 0.18692811
0.72295273 0.14394464 0.19215687
0.72848906 0.15501730 0.19738563
0.73402539 0.16608997 0.20261439
0.73956172 0.17716263 0.20784314
0.74509805 0.18823530 0.21307190
0.75063439 0.19930796 0.21830066
0.75617072 0.21038063 0.22352942
0.76170705 0.22145329 0.22875818
0.76724338 0.23252596 0.23398694
0.77277971 0.24359862 0.23921569
0.77831605 0.25467129 0.24444445
0.78385238 0.26574395 0.24967321
0.78938871 0.27681661 0.25490197
0.79492504 0.28788928 0.26013073
0.80046137 0.29896194 0.26535949
0.80599770 0.31003461 0.27058825
0.81153404 0.32110727 0.27581700
0.81707037 0.33217994 0.28104576
0.82260670 0.34325260 0.28627452
0.82814303 0.35432527 0.29150328
0.83367936 0.36539793 0.29673204
0.83921570 0.37647060 0.30196080
0.84382931 0.38708190 0.31011151
0.84844292 0.39769320 0.31826222
0.85305653 0.40830451 0.32641293
0.85767014 0.41891581 0.33456364
0.86228375 0.42952712 0.34271436
0.86689736 0.44013842 0.35086507
0.87151096 0.45074972 0.35901578
0.87612457 0.46136103 0.36716649
0.88073818 0.47197233 0.37531720
0.88535179 0.48258363 0.38346792
0.88996540 0.49319494 0.39161863
0.89457901 0.50380624 0.39976934
0.89919262 0.51441755 0.40792005
0.90380623 0.52502885 0.41607076
0.90841984 0.53564015 0.42422148
0.91303345 0.54625146 0.43237219
0.91764706 0.55686276 0.44052290
0.92226067 0.56747407 0.44867361
0.92687428 0.57808537 0.45682432
0.93148789 0.58869667 0.46497504
0.93610150 0.59930798 0.47312575
0.94071511 0.60991928 0.48127646
0.94532872 0.62053058 0.48942717
0.94994233 0.63114189 0.49757788
0.95455594 0.64175319 0.50572859
0.95755479 0.65121109 0.51510960
0.95893887 0.65951559 0.52572090
0.96032296 0.66782009 0.53633221
0.96170704 0.67612459 0.54694351
0.96309112 0.68442908 0.55755481
0.96447520 0.69273358 0.56816612
0.96585929 0.70103808 0.57877742
0.96724337 0.70934258 0.58938872
0.96862745 0.71764708 0.60000002
0.97001154 0.72595157 0.61061133
0.97139562 0.73425607 0.62122263
0.97277970 0.74256057 0.63183393
0.97416378 0.75086507 0.64244523
0.97554787 0.75916956 0.65305654
0.97693195 0.76747406 0.66366784
0.97831603 0.77577856 0.67427914
0.97970012 0.78408306 0.68489045
0.98108420 0.79238756 0.69550175
0.98246828 0.80069205 0.70611305
0.98385237 0.80899655 0.71672435
0.98523645 0.81730105 0.72733566
0.98662053 0.82560555 0.73794696
0.98800461 0.83391004 0.74855826
0.98938870 0.84221454 0.75916956
0.99077278 0.85051904 0.76978087
0.99215686 0.85882354 0.78039217
0.99123414 0.86312957 0.78777395
0.99031142 0.86743561 0.79515572
0.98938870 0.87174165 0.80253750
0.98846598 0.87604768 0.80991927
0.98754325 0.88035372 0.81730105
0.98662053 0.88465975 0.82468282
0.98569781 0.88896579 0.83206460
0.98477509 0.89327182 0.83944638
0.98385237 0.89757786 0.84682815
0.98292964 0.90188390 0.85420993
0.98200692 0.90618993 0.86159170
0.98108420 0.91049597 0.86897348
0.98016148 0.91480200 0.87635526
0.97923876 0.91910804 0.88373703
0.97831603 0.92341408 0.89111881
0.97739331 0.92772011 0.89850058
0.97647059 0.93202615 0.90588236
0.97554787 0.93633218 0.91326413
0.97462515 0.94063822 0.92064591
0.97370242 0.94494426 0.92802769
0.97277970 0.94925029 0.93540946
0.97185698 0.95355633 0.94279124
0.97093426 0.95786236 0.95017301
0.97001154 0.96216840 0.95755479
0.96908881 0.96647443 0.96493656
0.96570550 0.96724337 0.96808920
0.95986159 0.96447520 0.96701269
0.95401769 0.96170704 0.96593618
0.94817378 0.95893887 0.96485967
0.94232988 0.95617071 0.96378316
0.93648597 0.95340254 0.96270665
0.93064206 0.95063437 0.96163014
0.92479816 0.94786621 0.96055364
0.91895425 0.94509804 0.95947713
0.91311035 0.94232988 0.95840062
0.90726644 0.93956171 0.95732411
0.90142254 0.93679354 0.95624760
0.89557863 0.93402538 0.95517109
0.88973472 0.93125721 0.95409458
0.88389082 0.92848905 0.95301807
0.87804691 0.92572088 0.95194156
0.87220301 0.92295272 0.95086505
0.86635910 0.92018455 0.94978855
0.86051519 0.91741638 0.94871204
0.85467129 0.91464822 0.94763553
0.84882738 0.91188005 0.94655902
0.84298348 0.90911189 0.94548251
0.83713957 0.90634372 0.94440600
0.83129567 0.90357555 0.94332949
0.82545176 0.90080739 0.94225298
0.81960785 0.89803922 0.94117647
0.80991927 0.89311804 0.93840831
0.80023069 0.88819685 0.93564014
0.79054211 0.88327567 0.93287198
0.78085353 0.87835449 0.93010381
0.77116495 0.87343330 0.92733564
0.76147637 0.86851212 0.92456748
0.75178779 0.86359093 0.92179931
0.74209921 0.85866975 0.91903115
0.73241063 0.85374857 0.91626298
0.72272205 0.84882738 0.91349481
0.71303347 0.84390620 0.91072665
0.70334489 0.83898502 0.90795848
0.69365630 0.83406383 0.90519032
0.68396772 0.82914265 0.90242215
0.67427914 0.82422146 0.89965399
0.66459056 0.81930028 0.89688582
0.65490198 0.81437910 0.89411765
0.64521340 0.80945791 0.89134949
0.63552482 0.80453673 0.88858132
0.62583624 0.79961554 0.88581316
0.61614766 0.79469436 0.88304499
0.60645908 0.78977318 0.88027682
0.59677050 0.78485199 0.87750866
0.58708192 0.77993081 0.87474049
0.57739334 0.77500963 0.87197233
0.56647446 0.76870436 0.86851212
0.55432528 0.76101501 0.86435987
0.54217611 0.75332566 0.86020762
0.53002694 0.74563631 0.85605537
0.51787776 0.73794696 0.85190312
0.50572859 0.73025761 0.84775087
0.49357942 0.72256826 0.84359863
0.48143024 0.71487891 0.83944638
0.46928107 0.70718956 0.83529413
0.45713189 0.69950021 0.83114188
0.44498272 0.69181086 0.82698963
0.43283355 0.68412151 0.82283738
0.42068437 0.67643216 0.81868513
0.40853520 0.66874281 0.81453288
0.39638602 0.66105346 0.81038063
0.38423685 0.65336411 0.80622839
0.37208768 0.64567476 0.80207614
0.35993850 0.63798541 0.79792389
0.34778933 0.63029606 0.79377164
0.33564016 0.62260671 0.78961939
0.32349098 0.61491736 0.78546714
0.31134181 0.60722801 0.78131489
0.29919263 0.59953866 0.77716264
0.28704346 0.59184931 0.77301039
0.27489429 0.58415996 0.76885815
0.26274511 0.57647061 0.76470590
0.25751635 0.56955020 0.76116880
0.25228760 0.56262978 0.75763169
0.24705884 0.55570937 0.75409459
0.24183008 0.54878895 0.75055749
0.23660132 0.54186853 0.74702039
0.23137256 0.53494812 0.74348329
0.22614380 0.52802770 0.73994619
0.22091504 0.52110729 0.73640909
0.21568629 0.51418687 0.73287199
0.21045753 0.50726645 0.72933489
0.20522877 0.50034604 0.72579779
0.20000001 0.49342562 0.72226069
0.19477125 0.48650521 0.71872358
0.18954249 0.47958479 0.71518648
0.18431374 0.47266437 0.71164938
0.17908498 0.46574396 0.70811228
0.17385622 0.45882354 0.70457518
0.16862746 0.45190313 0.70103808
0.16339870 0.44498271 0.69750098
0.15816994 0.43806229 0.69396388
0.15294118 0.43114188 0.69042678
0.14771243 0.42422146 0.68688968
0.14248367 0.41730105 0.68335258
0.13725491 0.41038063 0.67981547
0.13202615 0.40346021 0.67627837
0.12725875 0.39584776 0.66874281
0.12295272 0.38754326 0.65720878
0.11864668 0.37923876 0.64567476
0.11434064 0.37093426 0.63414073
0.11003461 0.36262976 0.62260671
0.10572857 0.35432526 0.61107268
0.10142254 0.34602077 0.59953866
0.09711650 0.33771627 0.58800463
0.09281046 0.32941177 0.57647060
0.08850443 0.32110727 0.56493658
0.08419839 0.31280277 0.55340255
0.07989235 0.30449827 0.54186853
0.07558632 0.29619378 0.53033450
0.07128028 0.28788928 0.51880047
0.06697424 0.27958478 0.50726645
0.06266821 0.27128028 0.49573242
0.05836217 0.26297578 0.48419840
0.05405613 0.25467128 0.47266437
0.04975010 0.24636679 0.46113034
0.04544406 0.23806229 0.44959632
0.04113803 0.22975779 0.43806229
0.03683199 0.22145329 0.42652827
0.03252595 0.21314879 0.41499424
0.02821992 0.20484429 0.40346022
0.02391388 0.19653980 0.39192619
0.01960784 0.18823530 0.38039216
