1.00000000 0.96862745 0.95294118
0.99975394 0.96579777 0.95023453
0.99950788 0.96296809 0.94752788
0.99926182 0.96013841 0.94482123
0.99901576 0.95730873 0.94211457
0.99876970 0.95447905 0.93940792
0.99852364 0.95164937 0.93670127
0.99827759 0.94881969 0.93399462
0.99803153 0.94599001 0.93128797
0.99778547 0.94316033 0.92858132
0.99753941 0.94033065 0.92587467
0.99729335 0.93750096 0.92316802
0.99704729 0.93467128 0.92046137
0.99680123 0.93184160 0.91775471
0.99655517 0.92901192 0.91504806
0.99630911 0.92618224 0.91234141
0.99606305 0.92335256 0.90963476
0.99581699 0.92052288 0.90692811
0.99557093 0.91769320 0.90422146
0.99532488 0.91486352 0.90151481
0.99507882 0.91203384 0.89880816
0.99483276 0.90920416 0.89610151
0.99458670 0.90637448 0.89339485
0.99434064 0.90354480 0.89068820
0.99409458 0.90071512 0.88798155
0.99384852 0.89788543 0.88527490
0.99360246 0.89505575 0.88256825
0.99335640 0.89222607 0.87986160
0.99311034 0.88939639 0.87715495
0.99286428 0.88656671 0.87444830
0.99261822 0.88373703 0.87174165
0.99237217 0.88090735 0.86903499
0.99214148 0.87801615 0.86622069
0.99201845 0.87469436 0.86265283
0.99189543 0.87137256 0.85908498
0.99177240 0.86805076 0.85551712
0.99164937 0.86472896 0.85194926
0.99152634 0.86140716 0.84838140
0.99140331 0.85808536 0.84481354
0.99128028 0.85476356 0.84124568
0.99115725 0.85144176 0.83767783
0.99103422 0.84811996 0.83410997
0.99091119 0.84479816 0.83054211
0.99078816 0.84147636 0.82697425
0.99066513 0.83815457 0.82340639
0.99054210 0.83483277 0.81983853
0.99041907 0.83151097 0.81627068
0.99029604 0.82818917 0.81270282
0.99017301 0.82486737 0.80913496
0.99004998 0.82154557 0.80556710
0.98992695 0.81822377 0.80199924
0.98980392 0.81490197 0.79843138
0.98968089 0.81158017 0.79486353
0.98955786 0.80825837 0.79129567
0.98943483 0.80493657 0.78772781
0.98931180 0.80161478 0.78415995
0.98918877 0.79829298 0.78059209
0.98906574 0.79497118 0.77702423
0.98894271 0.79164938 0.77345638
0.98881969 0.78832758 0.76988852
0.98869666 0.78500578 0.76632066
0.98857363 0.78168398 0.76275280
0.98845060 0.77836218 0.75918494
0.98832757 0.77504038 0.75561708
0.98817378 0.77138025 0.75260286
0.98792772 0.76670513 0.75124953
0.98768166 0.76203000 0.74989621
0.98743560 0.75735488 0.74854288
0.98718954 0.75267975 0.74718956
0.98694348 0.74800463 0.74583623
0.98669742 0.74332950 0.74448291
0.98645137 0.73865438 0.74312958
0.98620531 0.73397925 0.74177626
0.98595925 0.72930413 0.74042293
0.98571319 0.72462901 0.73906960
0.98546713 0.71995388 0.73771628
0.98522107 0.71527876 0.73636295
0.98497501 0.71060363 0.73500963
0.98472895 0.70592851 0.73365630
0.98448289 0.70125338 0.73230298
0.98423683 0.69657826 0.73094965
0.98399077 0.69190313 0.72959633
0.98374471 0.68722801 0.72824300
0.98349866 0.68255288 0.72688967
0.98325260 0.67787776 0.72553635
0.98300654 0.67320263 0.72418302
0.98276048 0.66852751 0.72282970
0.98251442 0.66385238 0.72147637
0.98226836 0.65917726 0.72012305
0.98202230 0.65450214 0.71876972
0.98177624 0.64982701 0.71741640
0.98153018 0.64515189 0.71606307
0.98128412 0.64047676 0.71470974
0.98103806 0.63580164 0.71335642
0.98079200 0.63112651 0.71200309
0.98054595 0.62645139 0.71064977
0.98025375 0.62099195 0.70888122
0.97988466 0.61422532 0.70642062
0.97951557 0.60745869 0.70396003
0.97914648 0.60069206 0.70149944
0.97877739 0.59392543 0.69903885
0.97840831 0.58715880 0.69657826
0.97803922 0.58039218 0.69411767
0.97767013 0.57362555 0.69165707
0.97730104 0.56685892 0.68919648
0.97693195 0.56009229 0.68673589
0.97656286 0.55332566 0.68427530
0.97619377 0.54655903 0.68181471
0.97582468 0.53979240 0.67935411
0.97545560 0.53302577 0.67689352
0.97508651 0.52625915 0.67443293
0.97471742 0.51949252 0.67197234
0.97434833 0.51272589 0.66951175
0.97397924 0.50595926 0.66705115
0.97361015 0.49919263 0.66459056
0.97324106 0.49242600 0.66212997
0.97287197 0.48565937 0.65966938
0.97250289 0.47889274 0.65720879
0.97213380 0.47212612 0.65474819
0.97176471 0.46535949 0.65228760
0.97139562 0.45859286 0.64982701
0.97102653 0.45182623 0.64736642
0.97065744 0.44505960 0.64490583
0.97028835 0.43829297 0.64244523
0.96991926 0.43152634 0.63998464
0.96955017 0.42475971 0.63752405
0.96918109 0.41799309 0.63506346
0.96881200 0.41122646 0.63260287
0.96702807 0.40464437 0.63075742
0.96382930 0.39824683 0.62952713
0.96063053 0.39184929 0.62829683
0.95743176 0.38545175 0.62706654
0.95423299 0.37905422 0.62583624
0.95103422 0.37265668 0.62460594
0.94783545 0.36625914 0.62337565
0.94463668 0.35986160 0.62214535
0.94143791 0.35346406 0.62091506
0.93823914 0.34706652 0.61968476
0.93504037 0.34066898 0.61845446
0.93184160 0.33427144 0.61722417
0.92864283 0.32787390 0.61599387
0.92544406 0.32147636 0.61476358
0.92224529 0.31507882 0.61353328
0.91904653 0.30868128 0.61230298
0.91584776 0.30228374 0.61107269
0.91264899 0.29588620 0.60984239
0.90945022 0.28948866 0.60861210
0.90625145 0.28309112 0.60738180
0.90305268 0.27669358 0.60615150
0.89985391 0.27029604 0.60492121
0.89665514 0.26389850 0.60369091
0.89345637 0.25750096 0.60246062
0.89025760 0.25110343 0.60123032
0.88705883 0.24470589 0.60000002
0.88386006 0.23830835 0.59876973
0.88066129 0.23191081 0.59753943
0.87746252 0.22551327 0.59630914
0.87426375 0.21911573 0.59507884
0.87106498 0.21271819 0.59384854
0.86786621 0.20632065 0.59261825
0.86305268 0.20000000 0.59023455
0.85727029 0.19372549 0.58715881
0.85148790 0.18745098 0.58408307
0.84570551 0.18117647 0.58100733
0.83992312 0.17490196 0.57793159
0.83414072 0.16862745 0.57485584
0.82835833 0.16235294 0.57178010
0.82257594 0.15607843 0.56870436
0.81679355 0.14980392 0.56562862
0.81101116 0.14352941 0.56255288
0.80522877 0.13725490 0.55947714
0.79944638 0.13098039 0.55640140
0.79366399 0.12470588 0.55332566
0.78788160 0.11843137 0.55024992
0.78209921 0.11215686 0.54717418
0.77631681 0.10588235 0.54409844
0.77053442 0.09960784 0.54102270
0.76475203 0.09333333 0.53794695
0.75896964 0.08705882 0.53487121
0.75318725 0.08078431 0.53179547
0.74740486 0.07450981 0.52871973
0.74162247 0.06823530 0.52564399
0.73584008 0.06196079 0.52256825
0.73005769 0.05568628 0.51949251
0.72427530 0.04941177 0.51641677
0.71849290 0.04313726 0.51334103
0.71271051 0.03686275 0.51026529
0.70692812 0.03058824 0.50718955
0.70114573 0.02431373 0.50411381
0.69536334 0.01803922 0.50103806
0.68958095 0.01176471 0.49796232
0.68379856 0.00549020 0.49488658
0.67755481 0.00392157 0.49347174
0.67115727 0.00392157 0.49261053
0.66475973 0.00392157 0.49174933
0.65836219 0.00392157 0.49088812
0.65196465 0.00392157 0.49002691
0.64556711 0.00392157 0.48916571
0.63916957 0.00392157 0.48830450
0.63277203 0.00392157 0.48744329
0.62637449 0.00392157 0.48658208
0.61997695 0.00392157 0.48572088
0.61357941 0.00392157 0.48485967
0.60718187 0.00392157 0.48399846
0.60078433 0.00392157 0.48313726
0.59438679 0.00392157 0.48227605
0.58798925 0.00392157 0.48141484
0.58159171 0.00392157 0.48055363
0.57519417 0.00392157 0.47969243
0.56879663 0.00392157 0.47883122
0.56239909 0.00392157 0.47797001
0.55600155 0.00392157 0.47710881
0.54960401 0.00392157 0.47624760
0.54320647 0.00392157 0.47538639
0.53680893 0.00392157 0.47452518
0.53041139 0.00392157 0.47366398
0.52401385 0.00392157 0.47280277
0.51761631 0.00392157 0.47194156
0.51121877 0.00392157 0.47108036
0.50482123 0.00392157 0.47021915
0.49842369 0.00392157 0.46935794
0.49202615 0.00392157 0.46849673
0.48562861 0.00392157 0.46763553
0.47923107 0.00392157 0.46677432
0.47315648 0.00381392 0.46526721
0.46712803 0.00369089 0.46366782
0.46109958 0.00356786 0.46206844
0.45507113 0.00344483 0.46046905
0.44904268 0.00332180 0.45886967
0.44301423 0.00319877 0.45727028
0.43698578 0.00307574 0.45567090
0.43095733 0.00295271 0.45407151
0.42492888 0.00282968 0.45247213
0.41890043 0.00270665 0.45087274
0.41287198 0.00258362 0.44927336
0.40684353 0.00246059 0.44767397
0.40081508 0.00233756 0.44607459
0.39478663 0.00221453 0.44447521
0.38875818 0.00209150 0.44287582
0.38272973 0.00196847 0.44127644
0.37670128 0.00184544 0.43967705
0.37067283 0.00172241 0.43807767
0.36464438 0.00159938 0.43647828
0.35861593 0.00147636 0.43487890
0.35258748 0.00135333 0.43327951
0.34655902 0.00123030 0.43168013
0.34053057 0.00110727 0.43008074
0.33450212 0.00098424 0.42848136
0.32847367 0.00086121 0.42688197
0.32244522 0.00073818 0.42528259
0.31641677 0.00061515 0.42368320
0.31038832 0.00049212 0.42208382
0.30435987 0.00036909 0.42048443
0.29833142 0.00024606 0.41888505
0.29230297 0.00012303 0.41728566
0.28627452 0.00000000 0.41568628
