0.64705884 0.00000000 0.14901961
0.65474819 0.00738178 0.14917340
0.66243754 0.01476355 0.14932719
0.67012689 0.02214533 0.14948097
0.67781624 0.02952711 0.14963476
0.68550559 0.03690888 0.14978855
0.69319494 0.04429066 0.14994234
0.70088429 0.05167243 0.15009612
0.70857364 0.05905421 0.15024991
0.71626299 0.06643599 0.15040370
0.72395234 0.07381776 0.15055748
0.73164169 0.08119954 0.15071127
0.73933104 0.08858132 0.15086506
0.74702039 0.09596309 0.15101884
0.75470974 0.10334487 0.15117263
0.76239909 0.11072665 0.15132642
0.77008844 0.11810842 0.15148021
0.77777779 0.12549020 0.15163399
0.78546714 0.13287197 0.15178778
0.79315649 0.14025375 0.15194157
0.80084584 0.14763553 0.15209535
0.80853519 0.15501730 0.15224914
0.81622454 0.16239908 0.15240293
0.82391389 0.16978086 0.15255671
0.83160324 0.17716263 0.15271050
0.83929259 0.18454441 0.15286429
0.84536718 0.19292580 0.15509420
0.84982700 0.20230681 0.15940024
0.85428682 0.21168782 0.16370627
0.85874664 0.22106882 0.16801231
0.86320647 0.23044983 0.17231835
0.86766629 0.23983084 0.17662438
0.87212611 0.24921185 0.18093042
0.87658594 0.25859285 0.18523646
0.88104576 0.26797386 0.18954249
0.88550558 0.27735487 0.19384853
0.88996540 0.28673587 0.19815457
0.89442523 0.29611688 0.20246060
0.89888505 0.30549789 0.20676664
0.90334487 0.31487890 0.21107267
0.90780470 0.32425990 0.21537871
0.91226452 0.33364091 0.21968475
0.91672434 0.34302192 0.22399078
0.92118416 0.35240293 0.22829682
0.92564399 0.36178393 0.23260286
0.93010381 0.37116494 0.23690889
0.93456363 0.38054595 0.24121493
0.93902346 0.38992696 0.24552097
0.94348328 0.39930796 0.24982700
0.94794310 0.40868897 0.25413304
0.95240292 0.41806998 0.25843908
0.95686275 0.42745098 0.26274511
0.95824683 0.43744714 0.26735872
0.95963091 0.44744330 0.27197233
0.96101500 0.45743945 0.27658594
0.96239908 0.46743561 0.28119955
0.96378316 0.47743176 0.28581316
0.96516725 0.48742792 0.29042677
0.96655133 0.49742408 0.29504038
0.96793541 0.50742023 0.29965399
0.96931949 0.51741639 0.30426760
0.97070358 0.52741254 0.30888121
0.97208766 0.53740870 0.31349482
0.97347174 0.54740486 0.31810843
0.97485583 0.55740101 0.32272204
0.97623991 0.56739717 0.32733565
0.97762399 0.57739332 0.33194926
0.97900808 0.58738948 0.33656287
0.98039216 0.59738563 0.34117648
0.98177624 0.60738179 0.34579009
0.98316032 0.61737795 0.35040370
0.98454441 0.62737410 0.35501731
0.98592849 0.63737026 0.35963092
0.98731257 0.64736641 0.36424453
0.98869666 0.65736257 0.36885814
0.99008074 0.66735873 0.37347175
0.99146482 0.67735488 0.37808536
0.99223376 0.68619764 0.38362169
0.99238754 0.69388698 0.39008075
0.99254133 0.70157633 0.39653980
0.99269512 0.70926568 0.40299886
0.99284890 0.71695503 0.40945791
0.99300269 0.72464438 0.41591697
0.99315648 0.73233373 0.42237602
0.99331027 0.74002308 0.42883508
0.99346405 0.74771243 0.43529413
0.99361784 0.75540178 0.44175319
0.99377163 0.76309113 0.44821224
0.99392541 0.77078048 0.45467130
0.99407920 0.77846983 0.46113035
0.99423299 0.78615918 0.46758941
0.99438677 0.79384853 0.47404846
0.99454056 0.80153788 0.48050752
0.99469435 0.80922723 0.48696657
0.99484814 0.81691658 0.49342563
0.99500192 0.82460593 0.49988468
0.99515571 0.83229528 0.50634374
0.99530950 0.83998463 0.51280279
0.99546328 0.84767398 0.51926185
0.99561707 0.85536333 0.52572090
0.99577086 0.86305268 0.53217996
0.99592464 0.87074203 0.53863901
0.99607843 0.87843138 0.54509807
0.99623222 0.88319878 0.55309499
0.99638601 0.88796617 0.56109191
0.99653979 0.89273357 0.56908884
0.99669358 0.89750097 0.57708576
0.99684737 0.90226836 0.58508269
0.99700115 0.90703576 0.59307961
0.99715494 0.91180316 0.60107653
0.99730873 0.91657055 0.60907346
0.99746251 0.92133795 0.61707038
0.99761630 0.92610535 0.62506730
0.99777009 0.93087275 0.63306423
0.99792388 0.93564014 0.64106115
0.99807766 0.94040754 0.64905808
0.99823145 0.94517494 0.65705500
0.99838524 0.94994233 0.66505192
0.99853902 0.95470973 0.67304885
0.99869281 0.95947713 0.68104577
0.99884660 0.96424452 0.68904269
0.99900038 0.96901192 0.69703962
0.99915417 0.97377932 0.70503654
0.99930796 0.97854671 0.71303347
0.99946175 0.98331411 0.72103039
0.99961553 0.98808151 0.72902731
0.99976932 0.99284890 0.73702424
0.99992311 0.99761630 0.74502116
0.99707805 0.99876970 0.74502116
0.99123414 0.99630911 0.73702424
0.98539024 0.99384852 0.72902731
0.97954633 0.99138793 0.72103039
0.97370242 0.98892734 0.71303347
0.96785852 0.98646674 0.70503654
0.96201461 0.98400615 0.69703962
0.95617071 0.98154556 0.68904269
0.95032680 0.97908497 0.68104577
0.94448289 0.97662438 0.67304885
0.93863899 0.97416378 0.66505192
0.93279508 0.97170319 0.65705500
0.92695118 0.96924260 0.64905808
0.92110727 0.96678201 0.64106115
0.91526337 0.96432142 0.63306423
0.90941946 0.96186083 0.62506730
0.90357555 0.95940023 0.61707038
0.89773165 0.95693964 0.60907346
0.89188774 0.95447905 0.60107653
0.88604384 0.95201846 0.59307961
0.88019993 0.94955787 0.58508269
0.87435602 0.94709727 0.57708576
0.86851212 0.94463668 0.56908884
0.86266821 0.94217609 0.56109191
0.85682431 0.93971550 0.55309499
0.85098040 0.93725491 0.54509807
0.84313726 0.93387159 0.54002309
0.83529413 0.93048828 0.53494812
0.82745099 0.92710496 0.52987315
0.81960785 0.92372165 0.52479818
0.81176472 0.92033834 0.51972321
0.80392158 0.91695502 0.51464823
0.79607844 0.91357171 0.50957326
0.78823531 0.91018839 0.50449829
0.78039217 0.90680508 0.49942332
0.77254903 0.90342177 0.49434835
0.76470590 0.90003845 0.48927337
0.75686276 0.89665514 0.48419840
0.74901962 0.89327182 0.47912343
0.74117649 0.88988851 0.47404846
0.73333335 0.88650520 0.46897349
0.72549021 0.88312188 0.46389851
0.71764708 0.87973857 0.45882354
0.70980394 0.87635526 0.45374857
0.70196080 0.87297194 0.44867360
0.69411767 0.86958863 0.44359863
0.68627453 0.86620531 0.43852365
0.67843139 0.86282200 0.43344868
0.67058825 0.85943869 0.42837371
0.66274512 0.85605537 0.42329874
0.65490198 0.85267206 0.41822377
0.64605923 0.84882738 0.41514803
0.63621686 0.84452135 0.41407152
0.62637449 0.84021531 0.41299501
0.61653212 0.83590928 0.41191850
0.60668975 0.83160324 0.41084199
0.59684738 0.82729720 0.40976548
0.58700502 0.82299117 0.40868897
0.57716265 0.81868513 0.40761246
0.56732028 0.81437910 0.40653595
0.55747791 0.81007306 0.40545944
0.54763554 0.80576702 0.40438294
0.53779317 0.80146099 0.40330643
0.52795080 0.79715495 0.40222992
0.51810843 0.79284892 0.40115341
0.50826606 0.78854288 0.40007690
0.49842369 0.78423684 0.39900039
0.48858133 0.77993081 0.39792388
0.47873896 0.77562477 0.39684737
0.46889659 0.77131874 0.39577086
0.45905422 0.76701270 0.39469435
0.44921185 0.76270667 0.39361785
0.43936948 0.75840063 0.39254134
0.42952711 0.75409459 0.39146483
0.41968474 0.74978856 0.39038832
0.40984237 0.74548252 0.38931181
0.40000001 0.74117649 0.38823530
0.38831219 0.73548637 0.38531335
0.37662438 0.72979625 0.38239139
0.36493657 0.72410613 0.37946944
0.35324876 0.71841601 0.37654749
0.34156094 0.71272589 0.37362554
0.32987313 0.70703577 0.37070358
0.31818532 0.70134565 0.36778163
0.30649751 0.69565554 0.36485968
0.29480969 0.68996542 0.36193772
0.28312188 0.68427530 0.35901577
0.27143407 0.67858518 0.35609382
0.25974626 0.67289506 0.35317187
0.24805844 0.66720494 0.35024991
0.23637063 0.66151482 0.34732796
0.22468282 0.65582470 0.34440601
0.21299501 0.65013458 0.34148405
0.20130719 0.64444447 0.33856210
0.18961938 0.63875435 0.33564015
0.17793157 0.63306423 0.33271820
0.16624375 0.62737411 0.32979624
0.15455594 0.62168399 0.32687429
0.14286813 0.61599387 0.32395234
0.13118032 0.61030375 0.32103038
0.11949250 0.60461363 0.31810843
0.10780469 0.59892351 0.31518648
0.09996155 0.59238757 0.31180316
0.09596309 0.58500579 0.30795849
0.09196463 0.57762401 0.30411381
0.08796617 0.57024224 0.30026914
0.08396771 0.56286046 0.29642446
0.07996924 0.55547868 0.29257979
0.07597078 0.54809691 0.28873511
0.07197232 0.54071513 0.28489044
0.06797386 0.53333335 0.28104576
0.06397539 0.52595157 0.27720108
0.05997693 0.51856980 0.27335641
0.05597847 0.51118802 0.26951173
0.05198001 0.50380624 0.26566706
0.04798155 0.49642447 0.26182238
0.04398308 0.48904269 0.25797771
0.03998462 0.48166091 0.25413303
0.03598616 0.47427914 0.25028836
0.03198770 0.46689736 0.24644368
0.02798924 0.45951558 0.24259900
0.02399077 0.45213380 0.23875433
0.01999231 0.44475203 0.23490965
0.01599385 0.43737025 0.23106498
0.01199539 0.42998847 0.22722030
0.00799692 0.42260670 0.22337563
0.00399846 0.41522492 0.21953095
0.00000000 0.40784314 0.21568628
