0.64705884 0.00000000 0.14901961
0.65474819 0.00738178 0.14917340
0.66243754 0.01476355 0.14932719
0.67012689 0.02214533 0.14948097
0.67781624 0.02952711 0.14963476
0.68550559 0.03690888 0.14978855
0.69319494 0.04429066 0.14994234
0.70088429 0.05167243 0.15009612
0.70857364 0.05905421 0.15024991
0.71626299 0.06643599 0.15040370
0.72395234 0.07381776 0.15055748
0.73164169 0.08119954 0.15071127
0.73933104 0.08858132 0.15086506
0.74702039 0.09596309 0.15101884
0.75470974 0.10334487 0.15117263
0.76239909 0.11072664 0.15132642
0.77008844 0.11810842 0.15148021
0.77777779 0.12549020 0.15163399
0.78546714 0.13287197 0.15178778
0.79315649 0.14025375 0.15194157
0.80084584 0.14763553 0.15209535
0.80853519 0.15501730 0.15224914
0.81622454 0.16239908 0.15240293
0.82391389 0.16978085 0.15255671
0.83160324 0.17716263 0.15271050
0.83929259 0.18454441 0.15286429
0.84536717 0.19292580 0.15509420
0.84982700 0.20230681 0.15940024
0.85428682 0.21168781 0.16370627
0.85874664 0.22106882 0.16801231
0.86320647 0.23044983 0.17231834
0.86766629 0.23983083 0.17662438
0.87212611 0.24921184 0.18093042
0.87658593 0.25859285 0.18523645
0.88104576 0.26797386 0.18954249
0.88550558 0.27735486 0.19384853
0.88996540 0.28673587 0.19815456
0.89442522 0.29611688 0.20246060
0.89888505 0.30549788 0.20676664
0.90334487 0.31487889 0.21107267
0.90780469 0.32425990 0.21537871
0.91226452 0.33364091 0.21968474
0.91672434 0.34302191 0.22399078
0.92118416 0.35240292 0.22829682
0.92564398 0.36178393 0.23260285
0.93010381 0.37116493 0.23690889
0.93456363 0.38054594 0.24121493
0.93902345 0.38992695 0.24552096
0.94348328 0.39930796 0.24982700
0.94794310 0.40868896 0.25413304
0.95240292 0.41806997 0.25843907
0.95686274 0.42745098 0.26274511
0.95824683 0.43744713 0.26735872
0.95963091 0.44744329 0.27197233
0.96101500 0.45743944 0.27658594
0.96239908 0.46743560 0.28119955
0.96378316 0.47743175 0.28581316
0.96516724 0.48742791 0.29042677
0.96655133 0.49742406 0.29504037
0.96793541 0.50742022 0.29965398
0.96931949 0.51741637 0.30426759
0.97070358 0.52741253 0.30888120
0.97208766 0.53740868 0.31349481
0.97347174 0.54740484 0.31810842
0.97485582 0.55740099 0.32272203
0.97623991 0.56739715 0.32733564
0.97762399 0.57739330 0.33194925
0.97900807 0.58738946 0.33656286
0.98039215 0.59738561 0.34117647
0.98177624 0.60738177 0.34579008
0.98316032 0.61737792 0.35040369
0.98454440 0.62737408 0.35501730
0.98592849 0.63737023 0.35963091
0.98731257 0.64736639 0.36424452
0.98869665 0.65736254 0.36885813
0.99008073 0.66735870 0.37347174
0.99146482 0.67735485 0.37808535
0.99223376 0.68619761 0.38400614
0.99238754 0.69388696 0.39123413
0.99254133 0.70157631 0.39846212
0.99269512 0.70926566 0.40569011
0.99284890 0.71695501 0.41291810
0.99300269 0.72464436 0.42014609
0.99315648 0.73233371 0.42737408
0.99331027 0.74002306 0.43460207
0.99346405 0.74771241 0.44183006
0.99361784 0.75540176 0.44905805
0.99377163 0.76309111 0.45628604
0.99392541 0.77078046 0.46351403
0.99407920 0.77846981 0.47074202
0.99423299 0.78615917 0.47797001
0.99438677 0.79384852 0.48519800
0.99454056 0.80153787 0.49242599
0.99469435 0.80922722 0.49965398
0.99484814 0.81691657 0.50688197
0.99500192 0.82460592 0.51410996
0.99515571 0.83229527 0.52133795
0.99530950 0.83998462 0.52856595
0.99546328 0.84767397 0.53579394
0.99561707 0.85536332 0.54302193
0.99577086 0.86305267 0.55024992
0.99592464 0.87074202 0.55747791
0.99607843 0.87843137 0.56470590
0.99623222 0.88319877 0.57193389
0.99638601 0.88796617 0.57916188
0.99653979 0.89273356 0.58638987
0.99669358 0.89750096 0.59361785
0.99684737 0.90226836 0.60084584
0.99700115 0.90703576 0.60807383
0.99715494 0.91180315 0.61530182
0.99730873 0.91657055 0.62252981
0.99746251 0.92133795 0.62975780
0.99761630 0.92610534 0.63698579
0.99777009 0.93087274 0.64421378
0.99792388 0.93564014 0.65144177
0.99807766 0.94040754 0.65866976
0.99823145 0.94517493 0.66589775
0.99838524 0.94994233 0.67312574
0.99853902 0.95470973 0.68035373
0.99869281 0.95947712 0.68758171
0.99884660 0.96424452 0.69480970
0.99900038 0.96901192 0.70203769
0.99915417 0.97377932 0.70926568
0.99930796 0.97854671 0.71649367
0.99946175 0.98331411 0.72372166
0.99961553 0.98808151 0.73094965
0.99976932 0.99284890 0.73817764
0.99992311 0.99761630 0.74540563
0.99761630 0.99907728 0.75340255
0.99284891 0.99723183 0.76216841
0.98808151 0.99538639 0.77093426
0.98331411 0.99354095 0.77970012
0.97854672 0.99169550 0.78846598
0.97377932 0.98985006 0.79723183
0.96901193 0.98800462 0.80599769
0.96424453 0.98615917 0.81476355
0.95947714 0.98431373 0.82352940
0.95470974 0.98246829 0.83229526
0.94994234 0.98062284 0.84106112
0.94517495 0.97877740 0.84982697
0.94040755 0.97693196 0.85859283
0.93564016 0.97508651 0.86735869
0.93087276 0.97324107 0.87612454
0.92610537 0.97139563 0.88489040
0.92133797 0.96955018 0.89365626
0.91657057 0.96770474 0.90242211
0.91180318 0.96585930 0.91118797
0.90703578 0.96401385 0.91995383
0.90226839 0.96216841 0.92871968
0.89750099 0.96032296 0.93748554
0.89273360 0.95847752 0.94625140
0.88796620 0.95663208 0.95501725
0.88319880 0.95478663 0.96378311
0.87843141 0.95294119 0.97254897
0.87028072 0.94894274 0.97024223
0.86213000 0.94494428 0.96793542
0.85397929 0.94094581 0.96562862
0.84582857 0.93694735 0.96332181
0.83767786 0.93294889 0.96101501
0.82952715 0.92895042 0.95870820
0.82137643 0.92495196 0.95640139
0.81322572 0.92095350 0.95409459
0.80507501 0.91695503 0.95178778
0.79692429 0.91295657 0.94948098
0.78877358 0.90895811 0.94717417
0.78062287 0.90495964 0.94486737
0.77247215 0.90096118 0.94256056
0.76432144 0.89696272 0.94025375
0.75617072 0.89296425 0.93794695
0.74802001 0.88896579 0.93564014
0.73986930 0.88496733 0.93333334
0.73171858 0.88096886 0.93102653
0.72356787 0.87697040 0.92871973
0.71541716 0.87297194 0.92641292
0.70726644 0.86897347 0.92410611
0.69911573 0.86497501 0.92179931
0.69096501 0.86097655 0.91949250
0.68281430 0.85697808 0.91718570
0.67466359 0.85297962 0.91487889
0.66635909 0.84759707 0.91188004
0.65790080 0.84083044 0.90818915
0.64944252 0.83406381 0.90449827
0.64098424 0.82729719 0.90080738
0.63252595 0.82053056 0.89711649
0.62406767 0.81376394 0.89342561
0.61560938 0.80699731 0.88973472
0.60715110 0.80023068 0.88604383
0.59869282 0.79346406 0.88235294
0.59023453 0.78669743 0.87866206
0.58177625 0.77993081 0.87497117
0.57331796 0.77316418 0.87128028
0.56485968 0.76639755 0.86758940
0.55640140 0.75963093 0.86389851
0.54794311 0.75286430 0.86020762
0.53948483 0.74609767 0.85651674
0.53102654 0.73933105 0.85282585
0.52256826 0.73256442 0.84913496
0.51410998 0.72579780 0.84544407
0.50565169 0.71903117 0.84175319
0.49719341 0.71226454 0.83806230
0.48873512 0.70549792 0.83437141
0.48027684 0.69873129 0.83068053
0.47181856 0.69196466 0.82698964
0.46336027 0.68519804 0.82329875
0.45490199 0.67843141 0.81960787
0.44767399 0.66981934 0.81514804
0.44044600 0.66120727 0.81068822
0.43321801 0.65259519 0.80622839
0.42599002 0.64398311 0.80176857
0.41876203 0.63537104 0.79730875
0.41153404 0.62675896 0.79284892
0.40430605 0.61814689 0.78838910
0.39707805 0.60953481 0.78392927
0.38985006 0.60092273 0.77946945
0.38262207 0.59231066 0.77500962
0.37539408 0.58369858 0.77054980
0.36816609 0.57508651 0.76608997
0.36093810 0.56647443 0.76163015
0.35371011 0.55786235 0.75717032
0.34648211 0.54925028 0.75271050
0.33925412 0.54063820 0.74825068
0.33202613 0.53202613 0.74379085
0.32479814 0.52341405 0.73933103
0.31757015 0.51480197 0.73487120
0.31034216 0.50618990 0.73041138
0.30311417 0.49757782 0.72595155
0.29588617 0.48896575 0.72149173
0.28865818 0.48035367 0.71703190
0.28143019 0.47174159 0.71257208
0.27420220 0.46312952 0.70811226
0.26905036 0.45397918 0.70349864
0.26597462 0.44429060 0.69873125
0.26289888 0.43460203 0.69396385
0.25982314 0.42491345 0.68919646
0.25674740 0.41522487 0.68442906
0.25367166 0.40553629 0.67966166
0.25059592 0.39584771 0.67489427
0.24752018 0.38615913 0.67012687
0.24444444 0.37647055 0.66535948
0.24136870 0.36678197 0.66059208
0.23829296 0.35709339 0.65582469
0.23521722 0.34740481 0.65105729
0.23214148 0.33771624 0.64628989
0.22906574 0.32802766 0.64152250
0.22599000 0.31833908 0.63675510
0.22291426 0.30865050 0.63198771
0.21983852 0.29896192 0.62722031
0.21676278 0.28927334 0.62245292
0.21368704 0.27958476 0.61768552
0.21061130 0.26989618 0.61291812
0.20753557 0.26020760 0.60815073
0.20445983 0.25051902 0.60338333
0.20138409 0.24083045 0.59861594
0.19830835 0.23114187 0.59384854
0.19523261 0.22145329 0.58908115
0.19215687 0.21176471 0.58431375
