0.89411765 0.10196079 0.10980392
0.87283353 0.11426375 0.12899654
0.85154941 0.12656671 0.14818916
0.83026529 0.13886967 0.16738178
0.80898117 0.15117263 0.18657440
0.78769705 0.16347559 0.20576702
0.76641292 0.17577855 0.22495963
0.74512880 0.18808151 0.24415225
0.72384468 0.20038447 0.26334487
0.70256056 0.21268743 0.28253749
0.68127644 0.22499039 0.30173011
0.65999232 0.23729335 0.32092273
0.63870819 0.24959631 0.34011535
0.61742407 0.26189927 0.35930797
0.59613995 0.27420223 0.37850058
0.57485583 0.28650519 0.39769320
0.55357171 0.29880815 0.41688582
0.53228759 0.31111111 0.43607844
0.51100346 0.32341407 0.45527106
0.48971934 0.33571703 0.47446368
0.46843522 0.34801999 0.49365630
0.44715110 0.36032295 0.51284892
0.42586698 0.37262591 0.53204153
0.40458286 0.38492887 0.55123415
0.38329873 0.39723183 0.57042677
0.36201461 0.40953479 0.58961939
0.34073049 0.42183776 0.60881201
0.31944637 0.43414072 0.62800463
0.29816225 0.44644368 0.64719725
0.27687813 0.45874664 0.66638987
0.25559400 0.47104960 0.68558248
0.23430988 0.48335256 0.70477510
0.21602461 0.49487120 0.71987699
0.21873126 0.50089965 0.70634373
0.22143791 0.50692811 0.69281047
0.22414456 0.51295656 0.67927722
0.22685121 0.51898501 0.66574396
0.22955787 0.52501346 0.65221070
0.23226452 0.53104191 0.63867745
0.23497117 0.53707036 0.62514419
0.23767782 0.54309881 0.61161093
0.24038447 0.54912726 0.59807768
0.24309112 0.55515572 0.58454442
0.24579778 0.56118417 0.57101116
0.24850443 0.56721262 0.55747791
0.25121108 0.57324107 0.54394465
0.25391773 0.57926952 0.53041140
0.25662438 0.58529797 0.51687814
0.25933103 0.59132642 0.50334488
0.26203769 0.59735487 0.48981163
0.26474434 0.60338332 0.47627837
0.26745099 0.60941178 0.46274511
0.27015764 0.61544023 0.44921186
0.27286429 0.62146868 0.43567860
0.27557094 0.62749713 0.42214534
0.27827759 0.63352558 0.40861209
0.28098425 0.63955403 0.39507883
0.28369090 0.64558248 0.38154557
0.28639755 0.65161093 0.36801232
0.28910420 0.65763939 0.35447906
0.29181085 0.66366784 0.34094580
0.29451750 0.66969629 0.32741255
0.29722416 0.67572474 0.31387929
0.29993081 0.68175319 0.30034603
0.30426760 0.68329106 0.29293350
0.31349482 0.67135719 0.30388313
0.32272204 0.65942332 0.31483277
0.33194926 0.64748945 0.32578240
0.34117648 0.63555557 0.33673204
0.35040370 0.62362170 0.34768167
0.35963093 0.61168783 0.35863131
0.36885815 0.59975396 0.36958094
0.37808537 0.58782009 0.38053058
0.38731259 0.57588621 0.39148022
0.39653981 0.56395234 0.40242985
0.40576703 0.55201847 0.41337949
0.41499425 0.54008460 0.42432912
0.42422147 0.52815073 0.43527876
0.43344869 0.51621686 0.44622839
0.44267591 0.50428298 0.45717803
0.45190313 0.49234911 0.46812766
0.46113035 0.48041524 0.47907730
0.47035757 0.46848137 0.49002693
0.47958479 0.45654750 0.50097657
0.48881201 0.44461362 0.51192620
0.49803924 0.43267975 0.52287584
0.50726646 0.42074588 0.53382547
0.51649368 0.40881201 0.54477511
0.52572090 0.39687814 0.55572474
0.53494812 0.38494427 0.56667438
0.54417534 0.37301039 0.57762401
0.55340256 0.36107652 0.58857365
0.56262978 0.34914265 0.59952328
0.57185700 0.33720878 0.61047292
0.58108422 0.32527491 0.62142255
0.59031144 0.31334103 0.63237219
0.60083047 0.30814303 0.63169552
0.61350252 0.31417148 0.61164170
0.62617457 0.32019993 0.59158787
0.63884662 0.32622838 0.57153404
0.65151867 0.33225683 0.55148022
0.66419072 0.33828528 0.53142639
0.67686276 0.34431373 0.51137257
0.68953481 0.35034219 0.49131874
0.70220686 0.35637064 0.47126491
0.71487891 0.36239909 0.45121109
0.72755096 0.36842754 0.43115726
0.74022301 0.37445599 0.41110344
0.75289506 0.38048444 0.39104961
0.76556710 0.38651289 0.37099578
0.77823915 0.39254134 0.35094196
0.79091120 0.39856979 0.33088813
0.80358325 0.40459824 0.31083430
0.81625530 0.41062669 0.29078048
0.82892735 0.41665514 0.27072665
0.84159939 0.42268359 0.25067283
0.85427144 0.42871204 0.23061900
0.86694349 0.43474049 0.21056517
0.87961554 0.44076894 0.19051135
0.89228759 0.44679739 0.17045752
0.90495964 0.45282584 0.15040370
0.91763169 0.45885429 0.13034987
0.93030373 0.46488274 0.11029604
0.94297578 0.47091119 0.09024222
0.95564783 0.47693964 0.07018839
0.96831988 0.48296809 0.05013457
0.98099193 0.48899654 0.03008074
0.99366398 0.49502499 0.01002691
1.00000000 0.50591311 0.00313725
1.00000000 0.52166090 0.00941176
1.00000000 0.53740869 0.01568627
1.00000000 0.55315648 0.02196078
1.00000000 0.56890427 0.02823529
1.00000000 0.58465206 0.03450980
1.00000000 0.60039985 0.04078431
1.00000000 0.61614764 0.04705882
1.00000000 0.63189542 0.05333333
1.00000000 0.64764321 0.05960784
1.00000000 0.66339100 0.06588235
1.00000000 0.67913879 0.07215686
1.00000000 0.69488658 0.07843137
1.00000000 0.71063437 0.08470588
1.00000000 0.72638216 0.09098039
1.00000000 0.74212995 0.09725490
1.00000000 0.75787774 0.10352941
1.00000000 0.77362553 0.10980392
1.00000000 0.78937332 0.11607843
1.00000000 0.80512111 0.12235294
1.00000000 0.82086890 0.12862745
1.00000000 0.83661669 0.13490196
1.00000000 0.85236448 0.14117647
1.00000000 0.86811226 0.14745098
1.00000000 0.88386005 0.15372549
1.00000000 0.89960784 0.16000000
1.00000000 0.91535563 0.16627451
1.00000000 0.93110342 0.17254902
1.00000000 0.94685121 0.17882353
1.00000000 0.96259900 0.18509804
1.00000000 0.97834679 0.19137255
1.00000000 0.99409458 0.19764706
0.99315648 0.98700500 0.19915417
0.98220684 0.96621300 0.19780085
0.97125721 0.94542099 0.19644752
0.96030758 0.92462899 0.19509420
0.94935794 0.90383699 0.19374087
0.93840831 0.88304498 0.19238755
0.92745867 0.86225298 0.19103422
0.91650904 0.84146098 0.18968090
0.90555941 0.82066898 0.18832757
0.89460977 0.79987697 0.18697424
0.88366014 0.77908497 0.18562092
0.87271050 0.75829297 0.18426759
0.86176087 0.73750097 0.18291427
0.85081124 0.71670896 0.18156094
0.83986160 0.69591696 0.18020762
0.82891197 0.67512496 0.17885429
0.81796233 0.65433295 0.17750097
0.80701270 0.63354095 0.17614764
0.79606306 0.61274895 0.17479431
0.78511343 0.59195695 0.17344099
0.77416380 0.57116494 0.17208766
0.76321416 0.55037294 0.17073434
0.75226453 0.52958094 0.16938101
0.74131489 0.50878893 0.16802769
0.73036526 0.48799693 0.16667436
0.71941563 0.46720493 0.16532104
0.70846599 0.44641293 0.16396771
0.69751636 0.42562092 0.16261438
0.68656672 0.40482892 0.16126106
0.67561709 0.38403692 0.15990773
0.66466746 0.36324492 0.15855441
0.65371782 0.34245291 0.15720108
0.65845446 0.34122262 0.17079585
0.66841986 0.34651289 0.18937332
0.67838526 0.35180316 0.20795079
0.68835065 0.35709344 0.22652827
0.69831605 0.36238371 0.24510574
0.70828145 0.36767398 0.26368321
0.71824684 0.37296426 0.28226068
0.72821224 0.37825453 0.30083815
0.73817764 0.38354481 0.31941562
0.74814304 0.38883508 0.33799309
0.75810843 0.39412535 0.35657056
0.76807383 0.39941563 0.37514803
0.77803923 0.40470590 0.39372550
0.78800463 0.40999617 0.41230297
0.79797002 0.41528645 0.43088044
0.80793542 0.42057672 0.44945791
0.81790082 0.42586699 0.46803538
0.82786622 0.43115727 0.48661285
0.83783161 0.43644754 0.50519032
0.84779701 0.44173782 0.52376779
0.85776241 0.44702809 0.54234526
0.86772780 0.45231836 0.56092273
0.87769320 0.45760864 0.57950020
0.88765860 0.46289891 0.59807767
0.89762400 0.46818918 0.61665515
0.90758939 0.47347946 0.63523262
0.91755479 0.47876973 0.65381009
0.92752019 0.48406000 0.67238756
0.93748559 0.48935028 0.69096503
0.94745098 0.49464055 0.70954250
0.95741638 0.49993082 0.72811997
0.96738178 0.50522110 0.74669744
0.95850827 0.50846600 0.74492889
0.94694349 0.51141871 0.74025376
0.93537870 0.51437142 0.73557864
0.92381392 0.51732413 0.73090351
0.91224914 0.52027685 0.72622839
0.90068436 0.52322956 0.72155327
0.88911958 0.52618227 0.71687814
0.87755479 0.52913498 0.71220302
0.86599001 0.53208769 0.70752789
0.85442523 0.53504040 0.70285277
0.84286045 0.53799311 0.69817764
0.83129567 0.54094582 0.69350252
0.81973088 0.54389853 0.68882739
0.80816610 0.54685124 0.68415227
0.79660132 0.54980395 0.67947714
0.78503654 0.55275666 0.67480202
0.77347176 0.55570937 0.67012689
0.76190697 0.55866208 0.66545177
0.75034219 0.56161479 0.66077664
0.73877741 0.56456750 0.65610152
0.72721263 0.56752021 0.65142640
0.71564784 0.57047292 0.64675127
0.70408306 0.57342563 0.64207615
0.69251828 0.57637834 0.63740102
0.68095350 0.57933105 0.63272590
0.66938872 0.58228376 0.62805077
0.65782393 0.58523647 0.62337565
0.64625915 0.58818918 0.61870052
0.63469437 0.59114189 0.61402540
0.62312959 0.59409460 0.60935027
0.61156481 0.59704731 0.60467515
0.60000002 0.60000002 0.60000002
