0.61960787 0.00392157 0.25882354
0.62806615 0.01330258 0.26082277
0.63652444 0.02268358 0.26282201
0.64498272 0.03206459 0.26482124
0.65344100 0.04144560 0.26682047
0.66189929 0.05082661 0.26881970
0.67035757 0.06020761 0.27081893
0.67881586 0.06958862 0.27281816
0.68727414 0.07896963 0.27481739
0.69573243 0.08835063 0.27681662
0.70419071 0.09773164 0.27881585
0.71264900 0.10711265 0.28081508
0.72110728 0.11649366 0.28281432
0.72956557 0.12587466 0.28481355
0.73802385 0.13525567 0.28681278
0.74648214 0.14463668 0.28881201
0.75494042 0.15401769 0.29081124
0.76339871 0.16339869 0.29281047
0.77185699 0.17277970 0.29480970
0.78031528 0.18216071 0.29680893
0.78877356 0.19154172 0.29880816
0.79723185 0.20092272 0.30080739
0.80569013 0.21030373 0.30280662
0.81414842 0.21968474 0.30480586
0.82260670 0.22906574 0.30680509
0.83106499 0.23844675 0.30880432
0.83767783 0.24675125 0.30888121
0.84244522 0.25397924 0.30703577
0.84721262 0.26120723 0.30519032
0.85198002 0.26843522 0.30334488
0.85674741 0.27566321 0.30149944
0.86151481 0.28289120 0.29965399
0.86628221 0.29011919 0.29780855
0.87104960 0.29734718 0.29596310
0.87581700 0.30457517 0.29411766
0.88058440 0.31180315 0.29227222
0.88535179 0.31903114 0.29042677
0.89011919 0.32625913 0.28858133
0.89488659 0.33348712 0.28673588
0.89965399 0.34071511 0.28489044
0.90442138 0.34794310 0.28304500
0.90918878 0.35517109 0.28119955
0.91395618 0.36239908 0.27935411
0.91872357 0.36962707 0.27750866
0.92349097 0.37685506 0.27566322
0.92825837 0.38408305 0.27381778
0.93302576 0.39131104 0.27197233
0.93779316 0.39853903 0.27012689
0.94256056 0.40576702 0.26828144
0.94732795 0.41299501 0.26643600
0.95209535 0.42022300 0.26459056
0.95686275 0.42745098 0.26274511
0.95824683 0.43744714 0.26735872
0.95963091 0.44744330 0.27197233
0.96101500 0.45743945 0.27658594
0.96239908 0.46743561 0.28119955
0.96378316 0.47743176 0.28581316
0.96516725 0.48742792 0.29042677
0.96655133 0.49742408 0.29504038
0.96793541 0.50742023 0.29965399
0.96931949 0.51741639 0.30426760
0.97070358 0.52741254 0.30888121
0.97208766 0.53740870 0.31349482
0.97347174 0.54740486 0.31810843
0.97485583 0.55740101 0.32272204
0.97623991 0.56739717 0.32733565
0.97762399 0.57739332 0.33194926
0.97900808 0.58738948 0.33656287
0.98039216 0.59738563 0.34117648
0.98177624 0.60738179 0.34579009
0.98316032 0.61737795 0.35040370
0.98454441 0.62737410 0.35501731
0.98592849 0.63737026 0.35963092
0.98731257 0.64736641 0.36424453
0.98869666 0.65736257 0.36885814
0.99008074 0.66735873 0.37347175
0.99146482 0.67735488 0.37808536
0.99223376 0.68619764 0.38362169
0.99238754 0.69388698 0.39008075
0.99254133 0.70157633 0.39653980
0.99269512 0.70926568 0.40299886
0.99284890 0.71695503 0.40945791
0.99300269 0.72464438 0.41591697
0.99315648 0.73233373 0.42237602
0.99331027 0.74002308 0.42883508
0.99346405 0.74771243 0.43529413
0.99361784 0.75540178 0.44175319
0.99377163 0.76309113 0.44821224
0.99392541 0.77078048 0.45467130
0.99407920 0.77846983 0.46113035
0.99423299 0.78615918 0.46758941
0.99438677 0.79384853 0.47404846
0.99454056 0.80153788 0.48050752
0.99469435 0.80922723 0.48696657
0.99484814 0.81691658 0.49342563
0.99500192 0.82460593 0.49988468
0.99515571 0.83229528 0.50634374
0.99530950 0.83998463 0.51280279
0.99546328 0.84767398 0.51926185
0.99561707 0.85536333 0.52572090
0.99577086 0.86305268 0.53217996
0.99592464 0.87074203 0.53863901
0.99607843 0.87843138 0.54509807
0.99623222 0.88319878 0.55309499
0.99638601 0.88796617 0.56109191
0.99653979 0.89273357 0.56908884
0.99669358 0.89750097 0.57708576
0.99684737 0.90226836 0.58508269
0.99700115 0.90703576 0.59307961
0.99715494 0.91180316 0.60107653
0.99730873 0.91657055 0.60907346
0.99746251 0.92133795 0.61707038
0.99761630 0.92610535 0.62506730
0.99777009 0.93087275 0.63306423
0.99792388 0.93564014 0.64106115
0.99807766 0.94040754 0.64905808
0.99823145 0.94517494 0.65705500
0.99838524 0.94994233 0.66505192
0.99853902 0.95470973 0.67304885
0.99869281 0.95947713 0.68104577
0.99884660 0.96424452 0.68904269
0.99900038 0.96901192 0.69703962
0.99915417 0.97377932 0.70503654
0.99930796 0.97854671 0.71303347
0.99946175 0.98331411 0.72103039
0.99961553 0.98808151 0.72902731
0.99976932 0.99284890 0.73702424
0.99992311 0.99761630 0.74502116
0.99807766 0.99923107 0.74602078
0.99423299 0.99769320 0.74002308
0.99038831 0.99615533 0.73402539
0.98654364 0.99461746 0.72802770
0.98269896 0.99307959 0.72203001
0.97885429 0.99154172 0.71603231
0.97500961 0.99000385 0.71003462
0.97116494 0.98846598 0.70403693
0.96732026 0.98692811 0.69803923
0.96347559 0.98539024 0.69204154
0.95963091 0.98385237 0.68604385
0.95578624 0.98231450 0.68004616
0.95194156 0.98077663 0.67404846
0.94809689 0.97923876 0.66805077
0.94425221 0.97770089 0.66205308
0.94040754 0.97616302 0.65605538
0.93656286 0.97462515 0.65005769
0.93271819 0.97308728 0.64406000
0.92887351 0.97154941 0.63806231
0.92502884 0.97001154 0.63206461
0.92118416 0.96847367 0.62606692
0.91733949 0.96693580 0.62006923
0.91349481 0.96539793 0.61407153
0.90965014 0.96386006 0.60807384
0.90580547 0.96232219 0.60207615
0.90196079 0.96078432 0.59607846
0.89288736 0.95709343 0.59792390
0.88381392 0.95340254 0.59976934
0.87474049 0.94971165 0.60161479
0.86566706 0.94602076 0.60346023
0.85659363 0.94232988 0.60530568
0.84752019 0.93863899 0.60715112
0.83844676 0.93494810 0.60899656
0.82937333 0.93125721 0.61084201
0.82029990 0.92756632 0.61268745
0.81122646 0.92387544 0.61453289
0.80215303 0.92018455 0.61637834
0.79307960 0.91649366 0.61822378
0.78400616 0.91280277 0.62006923
0.77493273 0.90911189 0.62191467
0.76585930 0.90542100 0.62376011
0.75678587 0.90173011 0.62560556
0.74771243 0.89803922 0.62745100
0.73863900 0.89434833 0.62929645
0.72956557 0.89065745 0.63114189
0.72049214 0.88696656 0.63298733
0.71141870 0.88327567 0.63483278
0.70234527 0.87958478 0.63667822
0.69327184 0.87589389 0.63852367
0.68419840 0.87220301 0.64036911
0.67512497 0.86851212 0.64221455
0.66528260 0.86459055 0.64321417
0.65467130 0.86043830 0.64336796
0.64406000 0.85628605 0.64352174
0.63344869 0.85213380 0.64367553
0.62283739 0.84798155 0.64382932
0.61222608 0.84382931 0.64398310
0.60161478 0.83967706 0.64413689
0.59100348 0.83552481 0.64429068
0.58039217 0.83137256 0.64444447
0.56978087 0.82722031 0.64459825
0.55916956 0.82306806 0.64475204
0.54855826 0.81891581 0.64490583
0.53794696 0.81476356 0.64505961
0.52733565 0.81061131 0.64521340
0.51672435 0.80645907 0.64536719
0.50611304 0.80230682 0.64552097
0.49550174 0.79815457 0.64567476
0.48489044 0.79400232 0.64582855
0.47427913 0.78985007 0.64598234
0.46366783 0.78569782 0.64613612
0.45305653 0.78154557 0.64628991
0.44244522 0.77739332 0.64644370
0.43183392 0.77324107 0.64659748
0.42122261 0.76908883 0.64675127
0.41061131 0.76493658 0.64690506
0.40000001 0.76078433 0.64705884
0.39200308 0.75186468 0.65074973
0.38400616 0.74294504 0.65444062
0.37600923 0.73402539 0.65813151
0.36801231 0.72510574 0.66182240
0.36001538 0.71618610 0.66551328
0.35201846 0.70726645 0.66920417
0.34402154 0.69834681 0.67289506
0.33602461 0.68942716 0.67658595
0.32802769 0.68050752 0.68027684
0.32003076 0.67158787 0.68396772
0.31203384 0.66266822 0.68765861
0.30403691 0.65374858 0.69134950
0.29603999 0.64482893 0.69504039
0.28804306 0.63590929 0.69873128
0.28004614 0.62698964 0.70242216
0.27204922 0.61807000 0.70611305
0.26405229 0.60915035 0.70980394
0.25605537 0.60023070 0.71349483
0.24805844 0.59131106 0.71718571
0.24006152 0.58239141 0.72087660
0.23206459 0.57347177 0.72456749
0.22406767 0.56455212 0.72825838
0.21607075 0.55563248 0.73194927
0.20807382 0.54671283 0.73564015
0.20007690 0.53779318 0.73933104
0.19946175 0.52895043 0.73910036
0.20622838 0.52018457 0.73494811
0.21299501 0.51141871 0.73079586
0.21976163 0.50265285 0.72664361
0.22652826 0.49388699 0.72249137
0.23329489 0.48512113 0.71833912
0.24006152 0.47635527 0.71418687
0.24682815 0.46758941 0.71003462
0.25359478 0.45882355 0.70588237
0.26036140 0.45005769 0.70173012
0.26712803 0.44129183 0.69757787
0.27389466 0.43252597 0.69342562
0.28066129 0.42376011 0.68927337
0.28742792 0.41499425 0.68512113
0.29419455 0.40622839 0.68096888
0.30096117 0.39746253 0.67681663
0.30772780 0.38869667 0.67266438
0.31449443 0.37993081 0.66851213
0.32126106 0.37116495 0.66435988
0.32802769 0.36239909 0.66020763
0.33479432 0.35363323 0.65605538
0.34156095 0.34486737 0.65190313
0.34832757 0.33610151 0.64775089
0.35509420 0.32733565 0.64359864
0.36186083 0.31856979 0.63944639
0.36862746 0.30980393 0.63529414
