0.00000000 0.50000000 0.40000000
0.00392157 0.50196078 0.40000000
0.00784314 0.50392157 0.40000000
0.01176471 0.50588235 0.40000000
0.01568627 0.50784314 0.40000000
0.01960784 0.50980392 0.40000000
0.02352941 0.51176471 0.40000000
0.02745098 0.51372549 0.40000000
0.03137255 0.51568627 0.40000000
0.03529412 0.51764706 0.40000000
0.03921569 0.51960784 0.40000000
0.04313725 0.52156863 0.40000000
0.04705882 0.52352941 0.40000000
0.05098039 0.52549020 0.40000000
0.05490196 0.52745098 0.40000000
0.05882353 0.52941176 0.40000000
0.06274510 0.53137255 0.40000000
0.06666667 0.53333333 0.40000000
0.07058824 0.53529412 0.40000000
0.07450980 0.53725490 0.40000000
0.07843137 0.53921569 0.40000000
0.08235294 0.54117647 0.40000000
0.08627451 0.54313725 0.40000000
0.09019608 0.54509804 0.40000000
0.09411765 0.54705882 0.40000000
0.09803922 0.54901961 0.40000000
0.10196078 0.55098039 0.40000000
0.10588235 0.55294118 0.40000000
0.10980392 0.55490196 0.40000000
0.11372549 0.55686275 0.40000000
0.11764706 0.55882353 0.40000000
0.12156863 0.56078431 0.40000000
0.12549020 0.56274510 0.40000000
0.12941176 0.56470588 0.40000000
0.13333333 0.56666667 0.40000000
0.13725490 0.56862745 0.40000000
0.14117647 0.57058824 0.40000000
0.14509804 0.57254902 0.40000000
0.14901961 0.57450980 0.40000000
0.15294118 0.57647059 0.40000000
0.15686275 0.57843137 0.40000000
0.16078431 0.58039216 0.40000000
0.16470588 0.58235294 0.40000000
0.16862745 0.58431373 0.40000000
0.17254902 0.58627451 0.40000000
0.17647059 0.58823529 0.40000000
0.18039216 0.59019608 0.40000000
0.18431373 0.59215686 0.40000000
0.18823529 0.59411765 0.40000000
0.19215686 0.59607843 0.40000000
0.19607843 0.59803922 0.40000000
0.20000000 0.60000000 0.40000000
0.20392157 0.60196078 0.40000000
0.20784314 0.60392157 0.40000000
0.21176471 0.60588235 0.40000000
0.21568627 0.60784314 0.40000000
0.21960784 0.60980392 0.40000000
0.22352941 0.61176471 0.40000000
0.22745098 0.61372549 0.40000000
0.23137255 0.61568627 0.40000000
0.23529412 0.61764706 0.40000000
0.23921569 0.61960784 0.40000000
0.24313725 0.62156863 0.40000000
0.24705882 0.62352941 0.40000000
0.25098039 0.62549020 0.40000000
0.25490196 0.62745098 0.40000000
0.25882353 0.62941176 0.40000000
0.26274510 0.63137255 0.40000000
0.26666667 0.63333333 0.40000000
0.27058824 0.63529412 0.40000000
0.27450980 0.63725490 0.40000000
0.27843137 0.63921569 0.40000000
0.28235294 0.64117647 0.40000000
0.28627451 0.64313725 0.40000000
0.29019608 0.64509804 0.40000000
0.29411765 0.64705882 0.40000000
0.29803922 0.64901961 0.40000000
0.30196078 0.65098039 0.40000000
0.30588235 0.65294118 0.40000000
0.30980392 0.65490196 0.40000000
0.31372549 0.65686275 0.40000000
0.31764706 0.65882353 0.40000000
0.32156863 0.66078431 0.40000000
0.32549020 0.66274510 0.40000000
0.32941176 0.66470588 0.40000000
0.33333333 0.66666667 0.40000000
0.33725490 0.66862745 0.40000000
0.34117647 0.67058824 0.40000000
0.34509804 0.67254902 0.40000000
0.34901961 0.67450980 0.40000000
0.35294118 0.67647059 0.40000000
0.35686275 0.67843137 0.40000000
0.36078431 0.68039216 0.40000000
0.36470588 0.68235294 0.40000000
0.36862745 0.68431373 0.40000000
0.37254902 0.68627451 0.40000000
0.37647059 0.68823529 0.40000000
0.38039216 0.69019608 0.40000000
0.38431373 0.69215686 0.40000000
0.38823529 0.69411765 0.40000000
0.39215686 0.69607843 0.40000000
0.39607843 0.69803922 0.40000000
0.40000000 0.70000000 0.40000000
0.40392157 0.70196078 0.40000000
0.40784314 0.70392157 0.40000000
0.41176471 0.70588235 0.40000000
0.41568627 0.70784314 0.40000000
0.41960784 0.70980392 0.40000000
0.42352941 0.71176471 0.40000000
0.42745098 0.71372549 0.40000000
0.43137255 0.71568627 0.40000000
0.43529412 0.71764706 0.40000000
0.43921569 0.71960784 0.40000000
0.44313725 0.72156863 0.40000000
0.44705882 0.72352941 0.40000000
0.45098039 0.72549020 0.40000000
0.45490196 0.72745098 0.40000000
0.45882353 0.72941176 0.40000000
0.46274510 0.73137255 0.40000000
0.46666667 0.73333333 0.40000000
0.47058824 0.73529412 0.40000000
0.47450980 0.73725490 0.40000000
0.47843137 0.73921569 0.40000000
0.48235294 0.74117647 0.40000000
0.48627451 0.74313725 0.40000000
0.49019608 0.74509804 0.40000000
0.49411765 0.74705882 0.40000000
0.49803922 0.74901961 0.40000000
0.50196078 0.75098039 0.40000000
0.50588235 0.75294118 0.40000000
0.50980392 0.75490196 0.40000000
0.51372549 0.75686275 0.40000000
0.51764706 0.75882353 0.40000000
0.52156863 0.76078431 0.40000000
0.52549020 0.76274510 0.40000000
0.52941176 0.76470588 0.40000000
0.53333333 0.76666667 0.40000000
0.53725490 0.76862745 0.40000000
0.54117647 0.77058824 0.40000000
0.54509804 0.77254902 0.40000000
0.54901961 0.77450980 0.40000000
0.55294118 0.77647059 0.40000000
0.55686275 0.77843137 0.40000000
0.56078431 0.78039216 0.40000000
0.56470588 0.78235294 0.40000000
0.56862745 0.78431373 0.40000000
0.57254902 0.78627451 0.40000000
0.57647059 0.78823529 0.40000000
0.58039216 0.79019608 0.40000000
0.58431373 0.79215686 0.40000000
0.58823529 0.79411765 0.40000000
0.59215686 0.79607843 0.40000000
0.59607843 0.79803922 0.40000000
0.60000000 0.80000000 0.40000000
0.60392157 0.80196078 0.40000000
0.60784314 0.80392157 0.40000000
0.61176471 0.80588235 0.40000000
0.61568627 0.80784314 0.40000000
0.61960784 0.80980392 0.40000000
0.62352941 0.81176471 0.40000000
0.62745098 0.81372549 0.40000000
0.63137255 0.81568627 0.40000000
0.63529412 0.81764706 0.40000000
0.63921569 0.81960784 0.40000000
0.64313725 0.82156863 0.40000000
0.64705882 0.82352941 0.40000000
0.65098039 0.82549020 0.40000000
0.65490196 0.82745098 0.40000000
0.65882353 0.82941176 0.40000000
0.66274510 0.83137255 0.40000000
0.66666667 0.83333333 0.40000000
0.67058824 0.83529412 0.40000000
0.67450980 0.83725490 0.40000000
0.67843137 0.83921569 0.40000000
0.68235294 0.84117647 0.40000000
0.68627451 0.84313725 0.40000000
0.69019608 0.84509804 0.40000000
0.69411765 0.84705882 0.40000000
0.69803922 0.84901961 0.40000000
0.70196078 0.85098039 0.40000000
0.70588235 0.85294118 0.40000000
0.70980392 0.85490196 0.40000000
0.71372549 0.85686275 0.40000000
0.71764706 0.85882353 0.40000000
0.72156863 0.86078431 0.40000000
0.72549020 0.86274510 0.40000000
0.72941176 0.86470588 0.40000000
0.73333333 0.86666667 0.40000000
0.73725490 0.86862745 0.40000000
0.74117647 0.87058824 0.40000000
0.74509804 0.87254902 0.40000000
0.74901961 0.87450980 0.40000000
0.75294118 0.87647059 0.40000000
0.75686275 0.87843137 0.40000000
0.76078431 0.88039216 0.40000000
0.76470588 0.88235294 0.40000000
0.76862745 0.88431373 0.40000000
0.77254902 0.88627451 0.40000000
0.77647059 0.88823529 0.40000000
0.78039216 0.89019608 0.40000000
0.78431373 0.89215686 0.40000000
0.78823529 0.89411765 0.40000000
0.79215686 0.89607843 0.40000000
0.79607843 0.89803922 0.40000000
0.80000000 0.90000000 0.40000000
0.80392157 0.90196078 0.40000000
0.80784314 0.90392157 0.40000000
0.81176471 0.90588235 0.40000000
0.81568627 0.90784314 0.40000000
0.81960784 0.90980392 0.40000000
0.82352941 0.91176471 0.40000000
0.82745098 0.91372549 0.40000000
0.83137255 0.91568627 0.40000000
0.83529412 0.91764706 0.40000000
0.83921569 0.91960784 0.40000000
0.84313725 0.92156863 0.40000000
0.84705882 0.92352941 0.40000000
0.85098039 0.92549020 0.40000000
0.85490196 0.92745098 0.40000000
0.85882353 0.92941176 0.40000000
0.86274510 0.93137255 0.40000000
0.86666667 0.93333333 0.40000000
0.87058824 0.93529412 0.40000000
0.87450980 0.93725490 0.40000000
0.87843137 0.93921569 0.40000000
0.88235294 0.94117647 0.40000000
0.88627451 0.94313725 0.40000000
0.89019608 0.94509804 0.40000000
0.89411765 0.94705882 0.40000000
0.89803922 0.94901961 0.40000000
0.90196078 0.95098039 0.40000000
0.90588235 0.95294118 0.40000000
0.90980392 0.95490196 0.40000000
0.91372549 0.95686275 0.40000000
0.91764706 0.95882353 0.40000000
0.92156863 0.96078431 0.40000000
0.92549020 0.96274510 0.40000000
0.92941176 0.96470588 0.40000000
0.93333333 0.96666667 0.40000000
0.93725490 0.96862745 0.40000000
0.94117647 0.97058824 0.40000000
0.94509804 0.97254902 0.40000000
0.94901961 0.97450980 0.40000000
0.95294118 0.97647059 0.40000000
0.95686275 0.97843137 0.40000000
0.96078431 0.98039216 0.40000000
0.96470588 0.98235294 0.40000000
0.96862745 0.98431373 0.40000000
0.97254902 0.98627451 0.40000000
0.97647059 0.98823529 0.40000000
0.98039216 0.99019608 0.40000000
0.98431373 0.99215686 0.40000000
0.98823529 0.99411765 0.40000000
0.99215686 0.99607843 0.40000000
0.99607843 0.99803922 0.40000000
1.00000000 1.00000000 0.40000000
